Kepler-107 d,7.958203,19.80188055555026,48.20861111111111,15393.628799999999,2454970.79968
Kepler-427 b,10.290994,19.21697194443809,43.70486111111111,15456.960000000001,2454970.02207
WASP-14 b,2.243752,14.55176527778308,21.8946944448683,11016,2454463.57583
Kepler-50 b,7.8125124,19.20672694418165,50.03372222221559,15278.025599999999,2455005.63186
Kepler-20 b,3.6961219,19.17986777729458,42.33869444423252,7853.37984,2454967.50027
HAT-P-27 b,3.039577,14.85116361114714,5.947361111111111,6048.000000000001,2455407.9088
Kepler-181 b,3.137873,19.7434305551317,50.09581111060249,6796.80288,2454966.5556199998
Kepler-207 b,1.611865,19.33536944442325,42.16604999966091,10796.3712,2454966.57041
Kepler-11 c,13.0241,19.80767277770572,41.90911111089918,16358.3712,2455583.3494
WASP-21 b,4.322482,23.16618166711595,18.39605555534363,12078.720000000001,2454743.0419
Kepler-284 c,37.514456,19.54309999995762,47.72965000046624,19267.2,2455022.30068
Kepler-186 c,7.267302,19.91018055597941,43.95501944435968,8326.800000000001,2455007.3142
Kepler-239 b,11.763051,19.61348055521647,40.66341111077202,10436.4288,2455013.93614
Kepler-174 b,13.98179,19.16261111153496,43.83208888901605,10576.8288,2455014.97351
Kepler-440 b,101.11141,19.02333055549198,41.45219444447094,28620,2455756.2986
Kepler-224 d,11.349393,19.39561944431729,47.35760000016954,11210.4,2454967.31602
Kepler-389 c,14.51143,19.46400000042386,44.90001944444452,10681.2,2454976.86026
Kepler-254 c,12.412183,19.21098055521647,45.81651111072964,12103.1712,2454975.53938
Kepler-236 c,23.968127,18.92443055576748,39.89808055559794,14997.571199999998,2455019.2169
WASP-25 b,3.764825,13.02399277793037,-27.52219444433848,10022.4,2455274.99649
Kepler-186 d,13.342996,19.91018055597941,43.95501944435968,10074.24,2455009.9045
Kepler-359 c,57.68802,19.55291111098396,42.19635000016954,14979.6,2454972.94136
Kepler-211 c,6.04045,19.02928055551317,43.16848055561383,7390.80288,2455005.59435
Kepler-294 c,6.6264,19.15946944448683,46.05931111123827,11430.0288,2455016.98818
Kepler-263 c,47.332773,19.4979805554284,37.5677888888783,11048.4,2454984.4095
Kepler-349 b,5.929778,19.5784305551317,44.61558055559794,8510.4,2454968.49118
Kepler-361 b,8.486616,19.78690000004239,46.74114999983046,18633.6288,2454971.01734
Kepler-318 c,11.815007,19.89885000016954,46.79361944410536,9201.6,2454966.08965
Kepler-372 b,6.849692,19.4170805555582,49.25895000033908,14832.028799999998,2454967.68069
Kepler-197 e,25.209715,19.6817611111535,50.55898055606418,22672.8288,2454987.41342
Kepler-405 c,29.726682,19.42729999966092,38.34001944435968,5522.402880000001,2456560.20398
Kepler-104 d,51.755394,19.17363888899486,42.16678055555456,26874.0288,2455104.08611
Kepler-26 d,3.543919,18.99606944402059,46.5665388891432,7243.19712,2454969.25903
Kepler-159 b,10.139623,19.80468055566152,40.8687888888518,9691.2288,2455011.44948
Kepler-32 f,0.74296,19.85616027779049,46.57424999978807,3369.6,2454965.54
WASP-103 b,0.925542,16.6209916665819,7.183352777777861,9334.8288,2456459.59957
Kepler-221 e,18.369917,19.77698055585225,46.83526944438616,8082.002880000001,2454964.86048
Kepler-256 c,3.38802,19.50536111089918,46.09738888846503,9460.8,2455003.53221
Kepler-276 b,14.12841,19.57121111128065,39.03631944444444,13438.828800000001,2454975.89515
Kepler-264 c,140.101261,19.46963888883591,37.37623888863457,64558.771199999996,2455049.22078
Kepler-143 b,16.007583,19.87118055555555,49.41260000016954,4078.79712,2454975.63677
Kepler-189 c,20.134866,19.17098055548138,44.305,12834.0288,2455004.36552
Kepler-62 b,5.714932,18.88084972169664,45.34986111111111,8316,2455003.9189
Kepler-281 b,14.646008,19.6072111108568,44.77070000012716,22654.7712,2454969.51691
Kepler-196 c,47.427737,18.99789999961853,42.07919999970331,18410.371199999998,2455049.55425
Kepler-238 c,6.155557,19.19313888867696,40.63781944433848,17413.2288,2454967.82322
Kepler-49 c,10.9129343,19.48630583339267,40.59177777767182,10287.7344,2455002.84919
Kepler-55 c,42.1516418,19.01122250027127,44.02644444465637,18925.056,2454971.99284
WASP-19 b,0.78884,9.894465833240085,-45.65916666666666,5659.2,2455168.96801
Kepler-310 d,92.876125,19.2559611108568,46.98673888895247,25653.6288,2454978.92567
Kepler-204 c,25.660593,19.02315000004238,41.76191944440206,15778.800000000001,2454988.15165
Kepler-26 b,12.282356,18.99606638908386,46.56652777777777,10152,2454978.8321
Kepler-374 c,3.282807,19.60918888939752,42.37050000005299,11912.4,2454964.89972
Kepler-395 b,7.054346,19.56741111112965,45.13658888896306,6872.402880000001,2454969.19136
Kepler-80 e,4.645387,19.74083888901605,39.9787805557251,7160.400000000001,2454967.58736
Kepler-83 d,5.169796,18.81549999978807,43.66563055568271,7786.799999999999,2455005.631
Kepler-167 b,4.393147,19.51056111123827,38.34538888931274,8683.2,2455005.86732
Kepler-295 d,33.884054,19.02306111123827,45.36778055561913,19342.8,2454993.00625
Kepler-337 b,3.292781,19.33736944437027,47.16396111064487,17161.2,2454966.00966
Kepler-226 d,8.109044,19.49173888895247,47.88098888927036,13312.7712,2454965.80333
Kepler-386 b,12.31043,19.32393055544959,48.69385000016954,14180.4,2454974.86305
Kepler-363 c,7.542427,18.87946944448683,41.30538888878292,17640.0288,2454965.95422
Kepler-24 d,4.244384,19.36088055504693,38.34375,10601.9712,2454970.06411
Kepler-402 c,6.124821,19.22468055566152,43.35461111121707,12481.1712,2454967.936
Kepler-435 b,8.6001536,19.48582194434272,43.19722222222222,32408.64,2455010.64241
WASP-18 b,0.9414529,1.623613888952467,-45.67793055534363,7852.896,2454664.90531
CoRoT-6 b,8.886593,18.73816833337148,6.663194444444445,14684.544,2454595.6144
Kepler-127 c,29.393195,19.01266944461399,46.02796111106873,25574.399999999998,2455042.06708
Kepler-203 c,5.370647,19.80600000010596,41.38803055551317,7250.40288,2455005.23697
Kepler-79 b,13.485,20.03447611106767,44.38150000042386,,
Kepler-202 b,4.069427,18.86488888846504,41.32201111104754,7441.2,2455004.01577
KELT-2 A b,4.1137912,6.177591667175293,30.95714722209506,18619.2,2455974.60335
Kepler-10 b,0.837495,19.04529527770148,50.24130555576748,6543.581759999999,2454964.57375
Kepler-208 e,16.259458,19.59268055597941,42.52796944406298,14536.800000000001,2454945.01425
Kepler-270 c,25.262887,18.81333888901604,44.42230000019073,13312.7712,2454967.21176
Kepler-225 c,18.794234,19.47960000038147,47.45708888901605,11804.4,2455010.7935
Kepler-150 d,12.56093,19.21561111132304,40.52089999993642,13550.3712,2454999.79588
Kepler-405 b,10.613839,19.42729999966092,38.34001944435968,12736.8288,2455196.7367599998
Kepler-208 b,4.22864,19.59268055597941,42.52796944406298,11908.771200000001,2455003.74197
Kepler-325 d,38.715185,19.32236111111111,49.82563055568271,12448.7712,2454967.0309
Kepler-340 c,22.824669,19.72890000025431,40.3005694444312,23810.3712,2454977.46616
Kepler-257 b,2.382667,19.82106944455041,46.02326111104753,6523.2,2455003.6633
WASP-10 b,3.0927616,23.26619416660733,31.46283333354526,8017.5744,2454664.037295
WASP-17 b,3.735433,15.99748527738783,-28.06174999978807,15923.519999999999,2454559.18096
HAT-P-17 b,10.338523,21.63575888898637,30.48872222211626,14610.24,2454801.16945
Kepler-162 b,6.919798,19.81858888891008,43.72401944425371,12020.4,2454967.11914
Kepler-293 c,54.155743,19.09053888903724,42.40651111125946,16588.8,2455005.36515
Kepler-424 b,3.3118644,19.90832611136966,48.57744444423252,5248.16064,
Kepler-262 c,21.853722,19.38191111140781,37.2526499999894,12564.0288,2454977.31467
WASP-117 b,10.02165,2.45169361114502,-50.28444444444444,21384,2456533.82326
WASP-75 b,2.484193,22.82571333355374,-10.67552777767181,7102.08,
Kepler-222 b,3.936981,19.19373888863458,46.93776944451862,6580.80288,2455002.65076
Kepler-334 b,5.470319,19.14271111064487,47.11518888897366,10947.571199999998,2454964.49467
Kepler-327 c,5.212333,19.50948888884651,44.08766944434908,7664.3971200000005,2454965.70664
Kepler-419 b,69.7546,19.69452777756585,51.18472222222222,,
Kepler-57 c,11.6092567,19.57608555581835,44.65702777756585,6146.64288,2454966.99083
Kepler-172 c,6.388996,18.89123055564033,41.82186111132305,12200.3712,2455008.47434
WASP-70 A b,3.7130203,21.03179916699727,-13.43325000021193,12000.96,2455736.50348
Kepler-400 c,17.340824,19.39630000008477,40.48003888871935,12329.9712,2454971.96655
Kepler-220 e,45.902733,19.43373888889948,46.8957388888465,18316.8,2454999.56251
WASP-57 b,2.838971,14.92133888880412,-2.057638888888889,8294.4,2455717.87811
HAT-P-37 b,2.79736,18.95307166655858,51.26911111116409,8389.44,2455642.14318
Kepler-198 c,49.567416,19.37821111149258,38.69101111094157,13204.7712,2455002.54001
Kepler-249 b,3.306539,19.79900000042386,43.65851944446563,6361.2,2454967.371
WASP-106 b,9.289715,11.09531583362156,-5.079166666666667,19306.944,2456649.54972
Kepler-165 b,8.180848,18.71273055606418,47.80973888927036,10328.4288,2455009.70113
Kepler-28 b,5.91213,19.47580194473267,42.42941666709052,9972.0288,2454975.6227
Kepler-118 c,20.17202,19.94753888871935,41.42483055538601,11188.800000000001,2454974.2084
HAT-P-32 b,2.150008,2.069521666632758,46.68783333354526,11188.800000000001,2454420.44637
XO-3 b,3.1915426,4.364640278286403,57.81716666665343,,2454025.3967
Kepler-122 e,37.993273,19.40746111128065,39.94911111089918,25757.999999999996,2454996.01553
Kepler-103 c,179.612,19.26561111132304,40.06444444444444,,2455128.32581
Kepler-400 b,9.024389,19.39630000008477,40.48003888871935,11260.771200000001,2454966.53848
Kepler-106 c,13.5708,20.05758333312141,44.33750000000001,,2454969.27837
Kepler-113 b,4.754,19.19985888904995,50.94433333290947,,2454961.5463
CoRoT-9 b,95.2738,18.71911388900545,6.204138888782925,29088.0288,2454603.3447
K2-3 b,10.05403,11.4889966668023,-1.454786110983954,9192.96,2456813.4189
Kepler-368 b,26.84768,19.45866944419013,45.38793055534363,36305.9712,2454975.16776
Kepler-335 b,6.562331,19.73761944452922,45.42861944410536,14526,2454965.60635
WASP-16 b,3.1186009,14.31220055580139,-20.27549999978807,6912,2454584.42878
Kepler-316 b,2.240508,19.38839999993642,44.18411111109786,5004.00288,2454970.82156
KIC 11442793 h,331.60059,18.96223277727763,49.30513888888888,52250.832,
Kepler-103 b,15.9654,19.26561111132304,40.06444444444444,,2454975.17614
Kepler-338 b,13.726976,18.86526111072964,40.78435000002384,26236.828800000003,2454971.74833
Kepler-129 b,15.79186,19.02074999994702,47.84856111102634,26200.800000000003,2455009.82166
PH-1 b,138.506,19.88100666681925,39.95510000016954,,2455074.7
Kepler-306 d,17.326644,19.23591111103694,40.61614999983046,17197.2288,2455193.50885
Kepler-37 d,39.792187,18.93730722215441,44.51813888894187,16704.4032,2455008.2
WASP-79 b,3.6623817,4.424728055530124,-30.60041666666667,13504.32,2455545.23479
Kepler-107 b,3.179997,19.80188055555026,48.20861111111111,12571.199999999999,2454966.49904
Kepler-109 c,21.2227,19.35951750013563,40.2848888888624,,2454970.5725
Kepler-30 d,143.343,19.01891000005934,38.9472777779897,27820.8,2455273.53
Kepler-158 c,28.551383,18.93548055556085,39.78133055580987,15292.8,2455018.47678
Kepler-357 c,16.85837,19.41621111128065,44.0087194442749,7257.6,2454975.34264
WASP-42 b,4.9816877,12.86543638865153,-42.07358333322738,10404.288,2455650.56723
Kepler-53 d,9.751962,19.36411944495307,40.56246111128065,15083.971199999998,2454971.7852
Kepler-48 b,4.778,19.94261416647169,40.94900000042385,,2454957.06113
HAT-P-41 b,2.694047,19.82151083310445,4.672416666878594,14722.56,2454983.86167
Kepler-42 c,0.45328509,19.48126555548774,44.6193333334393,1520.4326400000002,2454966.86952
Kepler-275 d,35.676062,19.49864999983046,38.51491944419013,27482.3712,2454978.00066
Kepler-52 b,7.8773565,19.11586888843113,49.97575000021193,8720.2656,2455009.37692
OGLE-TR-10 b,3.10129,17.85784722222222,-29.87636111153497,11857.3632,2452070.2223
Kepler-370 b,4.57953,19.47808055559794,40.91631111145019,11815.2,2454968.09728
HAT-P-2 b,5.6334729,16.34343611081441,41.0481555557251,15439.68,2454387.49375
HAT-P-24 b,3.35524,7.255005555682712,14.26258333312141,13296.960000000001,2455216.97667
Kepler-422 b,7.8914483,18.84197694460551,46.32333333333334,15592.694399999998,
Kepler-124 c,13.821375,19.11685000000729,49.06491111119588,12787.199999999999,2454964.79391
Kepler-184 c,20.303005,19.4634611108568,43.0747111108568,15652.8288,2455009.80167
Kepler-318 b,4.662715,19.89885000016954,46.79361944410536,9885.6288,2454967.08179
KELT-7 b,2.7347749,5.219700000021193,33.31828611108992,12640.320000000002,2456223.9592
Kepler-20 f,19.57706,19.17986777729458,42.33869444423252,11998.540799999999,2454968.219
Kepler-198 b,17.790037,19.37821111149258,38.69101111094157,16120.7712,2455015.43638
Kepler-216 b,7.693641,19.58186944431729,46.12914999961853,18180.0288,2455009.50106
Kepler-292 d,7.055679,19.71773888885975,42.42428055551317,11322.0288,2455014.90973
Kepler-53 b,18.6489525,19.36411833339267,40.56244444423251,16133.385600000001,2455007.77608
Kepler-11 b,10.3039,19.80767277770572,41.90911111089918,14817.6,2455589.7378
Kepler-69 b,13.722341,19.55072916666667,44.86888888888889,17933.4432,2454970.8414
Kepler-27 c,31.3309,19.48245138910081,41.08586111121708,17100.0288,2454986.4274
Kepler-221 c,5.690586,19.77698055585225,46.83526944438616,9079.171199999999,2455007.04865
WASP-97 b,2.07276,1.640288889143202,-55.77205555544959,9296.64,
Kepler-7 b,4.885525,19.2387677775489,41.08980555534363,18694.0224,2454967.27571
WASP-24 b,2.3412127,15.14770527733697,2.343305555979411,9663.408,2455081.37941
HAT-P-29 b,5.723186,2.208748333189223,51.77875,12156.48,2455197.5754
Kepler-38 b,105.595,19.12202361106873,42.27919444402059,,
Kepler-147 b,12.610584,19.19838055504693,39.08718055566152,16012.7712,2454971.19015
Kepler-79 d,52.09059,20.03448055558735,44.38158055517409,31075.2288,2454991.74508
Kepler-344 c,125.596809,19.49998055564033,46.324411110878,27118.800000000003,2455048.44167
HAT-P-11 b,4.8878162,19.84726111094157,48.08029444482592,8268.48,2454605.89132
Kepler-406 b,2.42629,19.45653638892703,44.96822222219573,,2455003.4568
Kepler-171 b,4.166972,19.78478888882531,41.75553888903724,9867.5712,2455002.71415
Kepler-330 b,8.25978,19.22983055538601,44.80168055560853,10817.971200000002,2454986.98309
Kepler-229 b,6.252972,19.1333000002967,48.37578888893128,9504,2455004.29884
Kepler-144 c,10.104665,18.79438055568271,42.7755111111535,8200.802880000001,2454968.55344
Kepler-94 b,2.50806,18.74630555576748,47.49694444444444,,2454967.9998
Kepler-115 c,8.990889,19.84746111128065,45.2619222217136,14698.8,2454969.73792
Kepler-320 c,17.934937,19.54756944444444,46.17513055536482,18936.0288,2454971.2182
Kepler-274 c,33.197861,19.52818055576748,38.47728055530124,16358.3712,2454975.10044
Kepler-26 e,46.827915,18.99606944402059,46.5665388891432,7502.3971200000005,2454969.74318
Kepler-254 d,18.746477,19.21098055521647,45.81651111072964,14259.6288,2454980.12909
CoRoT-19 b,3.89713,6.468905277782016,-0.1706944444444444,16919.9712,2455257.44104
Kepler-264 b,40.806231,19.46963888883591,37.37623888863457,51310.8,2454988.71209
Kepler-122 c,12.465988,19.40746111128065,39.94911111089918,18226.7712,2454967.00291
Kepler-142 b,2.024152,19.67458888901605,48.4812805557251,8960.3712,2455003.49468
Kepler-240 c,7.953528,19.41058055559794,40.75026944445239,9352.8,2455007.66155
Kepler-298 b,10.475464,18.86931944449743,48.82536111089919,8352.00288,2454985.64156
Kepler-363 d,11.932125,18.87946944448683,41.30538888878292,22859.9712,2454975.10532
HAT-P-4 b,3.056536,15.33275555504693,36.22963888910082,15336,2454245.8154
HAT-P-21 b,4.124481,11.41832999997669,41.02794444402059,13219.199999999999,2454996.41312
Kepler-215 d,30.864423,19.66489999983046,45.21368888854981,9788.4288,2455005.93309
Kepler-232 c,11.379349,19.72108055565092,51.12173888895246,9403.1712,2454966.85018
Kepler-346 b,6.511127,19.20078888886504,46.11761111113761,5432.4,2454964.7057
Kepler-330 c,15.955387,19.22983055538601,44.80168055560853,14101.171199999999,2454976.30371
WASP-45 b,3.1260876,0.349165833791097,-35.99827777756585,6445.44,2455441.26925
Kepler-428 b,3.52563254,19.37211472246382,40.57722222222223,9408.96,
Kepler-382 c,12.162701,19.94241111119588,45.86993055555556,7048.79712,2454970.53267
Kepler-333 c,24.08821,19.48573888884651,40.91358888838026,14364,2454967.42547
Kepler-17 b,1.4857108,19.89301833364699,47.815,8193.59712,2455185.678035
HAT-P-33 b,3.474474,7.545616110695732,33.83502777775129,15888.960000000001,2455110.92595
Kepler-166 c,34.260281,19.54401111072964,48.88118888854981,17424.0288,2455016.22653
Kepler-272 c,6.057342,19.94183055559794,47.59383055580987,13301.971200000002,2454968.92549
Kepler-157 c,13.5405,19.40648055553436,38.87561111132304,16250.3712,2455004.68032
Kepler-308 c,15.38231,19.71901111099455,40.43954999976688,14223.599999999999,2454972.08277
WASP-46 b,1.43037,21.24912805557251,-55.87177777767182,6024.6720000000005,2455392.31553
Kepler-157 b,1.732342,19.40648055553436,38.87561111132304,7869.59712,2454967.5302
WASP-84 b,8.5234865,8.740475833151075,1.86,9894.528,2456286.10583
Kepler-52 d,36.445171,19.11586944474114,49.97575000021193,14950.8288,2454984.60115
Kepler-197 c,10.349695,19.6817611111535,50.55898055606418,15303.6,2455007.06421
Kepler-163 b,7.810937,19.66685000000729,46.98733055565092,12092.3712,2454965.3043
Kepler-121 c,41.008011,19.0774694442749,39.67799999978807,14320.800000000001,2454980.03476
Kepler-191 b,9.939632,19.41223055521647,45.32316944440206,10501.228799999999,2454964.58517
Kepler-123 b,17.232366,19.79991111119588,42.78196111149258,16437.6,2454968.09113
Kepler-320 b,8.371554,19.54756944444444,46.17513055536482,14543.971200000002,2454970.67704
HAT-P-1 b,4.4652934,22.96300694465637,38.67494444423252,10023.8688,2454363.94656
Kepler-186 f,129.9459,19.91018055597941,43.95501944435968,,2455009.8183
Kepler-201 b,25.672083,19.57506944444444,41.27281944433848,20257.1712,2455025.09705
OGLE2-TR-L9 b,2.4855335,11.13199472215441,-61.14625,9477.3888,2454492.79765
Kepler-54 b,8.0109434,19.65159583330154,43.05627777788374,12286.4256,2455003.20573
Kepler-355 c,25.762294,19.05330000003179,42.81178055551317,24537.6,2454980.70457
Kepler-375 c,19.986326,19.24118888907962,48.09841111077203,13716,2454968.52342
Kepler-137 b,8.436387,18.8090388891432,43.03910000006358,11581.228799999999,2455012.8864
Kepler-85 d,17.91323,19.39823055585225,45.29031944433848,16236.0288,2454968.53773
Kepler-224 c,5.925003,19.39561944431729,47.35760000016954,10234.7712,2455002.71508
WASP-22 b,3.53269,3.521201110945808,-23.81969444433848,11836.800000000001,2454780.2496
WASP-2 b,2.1522254,20.51503611140781,6.42952777756585,6369.407999999999,2453991.51428
Kepler-392 b,5.341853,19.24405000050863,43.36808055559794,10954.8288,2454969.30141
Kepler-247 c,9.439452,19.24283055517409,43.03928888903724,10425.6288,2455010.18536
Kepler-271 b,5.217738,18.8668611111078,44.28423055556085,12193.2,2454967.8195
Kepler-30 c,60.3231,19.01891000005934,38.9472777779897,20666.88,2455357.887
Kepler-190 c,3.763024,19.23893888897366,44.73379999998543,5529.6,2454965.59486
WASP-34 b,4.3176782,11.02663722250197,-23.86063888867696,7568.639999999999,2454647.55358
Kepler-397 c,135.498527,19.72626944435967,42.3804499997033,24843.628800000002,2455066.69038
Kepler-423 b,2.68432848,19.52371611118317,46.3911666668786,9841.1328,
HAT-P-22 b,3.21222,10.3787747224172,50.12833333333333,10333.44,2454930.22001
WASP-28 b,3.40883,23.57440833356645,-1.580055555767483,11655.359999999999,
Kepler-221 b,2.795906,19.77698055585225,46.83526944438616,7430.4,2454965.72929
CoRoT-7 b,0.85359163,6.730408333672417,-1.063027778201633,4050,2454398.0767
Kepler-172 e,35.118736,18.89123055564033,41.82186111132305,12812.428800000002,2454985.11935
Kepler-178 b,9.576694,19.14006944444444,46.89648055606418,12157.1712,2455009.68127
Kepler-147 c,33.416423,19.19838055504693,39.08718055566152,26254.8,2455004.33383
HATS-1 b,3.446459,11.70168888886769,-23.35483333322737,8700.48,2455241.28722
Kepler-378 c,28.906009,19.6632388888465,46.43863888899485,10954.8288,2454991.82172
HD 80606 b,111.4367,9.377091666327583,50.60370555559794,43545.6,2454876.344
Kepler-158 b,16.709184,18.93548055556085,39.78133055580987,9953.9712,2455007.75561
Kepler-45 b,2.455239,19.52485972245534,41.06424999978807,3927.96,2455003.82108
Kepler-68 b,5.398763,19.40215666664971,49.04024999989404,12669.3504,2455006.85729
Kepler-308 b,9.694928,19.71901111099455,40.43954999976688,9392.3712,2455015.45617
WASP-78 b,2.17517656,4.250418055554231,-22.11641666624281,16873.920000000002,2455882.35904
Kepler-108 c,190.323494,19.63728055556615,46.06233055538601,56520.02880000001,2455145.67323
Kepler-266 c,107.723601,19.63228888935513,44.16691111110978,29088.0288,2455187.18347
Kepler-239 c,56.228098,19.61348055521647,40.66341111077202,13320.0288,2454965.28814
Kepler-205 c,20.306546,19.01913888878292,41.86116944419013,10342.7712,2455005.6562
Kepler-319 b,4.362705,19.25413055552377,39.7706611111429,7898.402880000001,2454968.23073
Kepler-162 c,19.446355,19.81858888891008,43.72401944425371,12697.1712,2455003.10194
Kepler-126 c,21.869741,19.28981944455041,44.20851111094157,19724.428799999998,2454973.29159
Kepler-384 c,45.348269,19.06841111116939,44.78286944495307,16765.2288,2454975.2508
K2-3 c,24.6454,11.4889966668023,-1.454786110983954,12337.92,2456812.2786
Kepler-212 c,31.805174,19.17471944438087,43.14165000014835,29937.6,2455023.2483
Kepler-53 c,38.5583038,19.36411833339267,40.56244444423251,18058.2912,2454996.84816
Kepler-321 b,4.915379,19.63026111072964,44.14596944491068,9810.0288,2454965.69543
Kepler-402 d,8.921099,19.22468055566152,43.35461111121707,13816.828800000001,2454970.49095
Kepler-339 d,10.558345,19.55678055551317,48.44463888910082,12275.971199999998,2454969.34663
Kepler-407 b,0.6693109,19.06908972210354,49.61450000021193,558.4861440000001,2454967.13162
TrES-3 b,1.30619,17.86861666666137,37.54616666687859,4875.8976,2454185.9101
Kepler-188 b,2.061897,18.75198055558734,44.31553055551317,6447.599999999999,2454966.19858
Kepler-10 c,45.29485,19.04529527770148,50.24130555576748,24706.7712,2454971.6761
Kepler-259 c,36.924931,19.21413055525885,46.615,17002.8288,2455007.22336
Kepler-444 b,3.6001053,19.31679722222189,41.63613888899485,7609.91328,
Kepler-304 d,9.653471,19.62945000012716,40.55758888880411,10753.1712,2454967.85589
Kepler-150 e,30.826557,19.21561111132304,40.52089999993642,19638.0288,2454986.01043
Kepler-218 c,44.699576,19.69418888939752,46.26646944469876,22575.628800000002,2455007.82235
Kepler-203 b,3.162697,19.80600000010596,41.38803055551317,6840.002880000001,2455002.64158
Kepler-6 b,3.234723,19.78915027777354,48.23994444423252,14186.966400000001,2454954.48636
Kepler-244 d,20.050401,19.14951111157735,42.30136944439676,16214.4288,2455021.08718
Kepler-358 b,34.060467,19.54868055555556,48.28136944452921,8859.6288,2454974.36327
Kepler-373 c,16.725948,19.2925305557251,50.5970500002967,10350.0288,2454976.74868
Kepler-299 b,2.927128,18.88046111106873,48.58049999978807,9165.5712,2454966.82858
Kepler-140 c,91.353282,19.15796944459279,46.76821944448683,28508.371199999998,2455022.60562
Kepler-23 d,15.274299,19.61460000038147,49.47921944406298,21938.4288,2454980.58253
Kepler-89 c,10.423648,19.82220388889313,41.89111111111111,,
WASP-95 b,2.184673,22.49714722209507,-48.00305555555556,10022.4,
Kepler-84 b,8.726,19.8834697222213,40.49605555534363,,
HAT-P-26 b,4.234516,14.21042694409688,4.060027777353922,8838.72,2455304.65122
Kepler-292 f,20.834237,19.71773888885975,42.42428055551317,15627.6,2455019.03249
Kepler-20 e,6.098493,19.17986777729458,42.33869444423252,9144.144,2454968.9336
Kepler-296 d,19.850242,19.10266944434908,49.43733055565092,10173.599999999999,2454966.65098
Kepler-62 d,18.16406,18.88084972169664,45.34986111111111,10692,2455013.8117
Kepler-89 e,54.32031,19.82220388889313,41.89111111111111,,
Kepler-298 d,77.473633,18.86931944449743,48.82536111089919,15958.771200000001,2455017.24735
Kepler-269 b,5.326718,19.34768055597941,41.77596944491069,12193.2,2455190.12204
Kepler-248 b,6.308205,19.53743055555556,43.58136111153497,10828.7712,2455007.04657
Kepler-160 b,4.309427,19.18489999996291,42.86928055551317,10879.2288,2454967.03257
CoRoT-11 b,2.99433,18.71248611132304,5.937694444391463,9002.88,2454597.679
Kepler-369 c,14.871572,19.57828055593702,47.9084611108568,8737.2,2454970.69114
Kepler-142 d,41.809118,19.67458888901605,48.4812805557251,31273.1712,2454981.69926
Kepler-398 b,4.081423,19.43123888863458,40.34385000016955,8233.202879999999,2454966.85795
Kepler-443 b,177.6693,19.24070277796852,49.9686388888624,32220.0288,2455630.246
Kepler-299 d,15.054786,18.88046111106873,48.58049999978807,15404.4288,2454977.58557
GJ 436 b,2.64385,11.70291944450802,26.70854722234938,2738.88,2454415.62074
Kepler-142 c,4.761702,19.67458888901605,48.4812805557251,11890.8,2455003.33543
Kepler-181 c,4.302149,19.7434305551317,50.09581111060249,7074,2455006.43717
Kepler-364 b,25.745718,18.77133055580987,47.39868888854981,25138.7712,2454968.95058
Kepler-173 c,8.005777,19.64311111132304,41.88411111109787,11264.4,2455003.5034
Kepler-290 b,14.589347,19.09400000042385,42.68155000050862,8654.4288,2454974.93413
WASP-37 b,3.577469,14.79626666704814,1.064944444232517,11266.56,2455338.6188
Kepler-223 c,9.848183,19.88788888878292,47.2794888888465,20995.2,2454971.38748
Kepler-224 e,18.643577,19.39561944431729,47.35760000016954,6645.60288,2454974.62463
Kepler-322 c,4.337234,18.75658888869815,44.29523888905843,8834.4,2454965.84959
Kepler-163 c,21.347262,19.66685000000729,46.98733055565092,13553.999999999998,2455004.7359
HAT-P-40 b,4.457243,22.367527222236,45.45733333322737,22092.48,2455813.17584
Kepler-169 f,87.090195,19.06666111098395,40.91931944449743,22726.8288,2455020.3184
Kepler-283 b,11.008151,19.57424999978807,47.83899999989404,7513.19712,2454976.22626
Kepler-214 b,15.660544,18.98366111109654,44.95603055530125,25221.6288,2454979.34895
Kepler-314 b,2.461069,19.64493888854981,42.07558055559794,8254.80288,2454966.31441
Kepler-188 c,5.996553,18.75198055558734,44.31553055551317,11631.6,2455005.50314
Kepler-233 b,8.472382,19.75776944425371,51.3195194445716,9709.2,2455007.16212
Kepler-118 b,7.518496,19.94753888871935,41.42483055538601,10285.228799999999,2454965.53666
Kepler-110 b,12.691112,19.52861111111111,48.60281111107933,13517.971200000002,2454970.12296
Kepler-195 b,8.307872,19.20806111123827,47.96666944444438,11340,2455004.1712
Kepler-50 c,9.3761368,19.20672694418165,50.03372222221559,9367.92,2454969.96857
Kepler-359 b,25.563222,19.55291111098396,42.19635000016954,15422.4,2455208.28439
Kepler-359 d,77.095691,19.55291111098396,42.19635000016954,12513.571199999998,2455035.67392
Kepler-115 b,2.403679,19.84746111128065,45.26191944440206,4701.6028799999995,2454967.72847
Kepler-180 b,13.817124,19.70476111094157,49.77458055549198,13463.9712,2454968.04028
Kepler-43 b,3.024095,19.0160583337148,46.66822222219573,10533.6288,2454965.4159
Kepler-76 b,1.545,19.6128077782525,39.61899999989404,,
Kepler-310 b,13.930698,19.2559611108568,46.98673888895247,7574.40288,2454967.42673
Kepler-222 c,10.08881,19.19373888863458,46.93776944451862,6170.40288,2455006.08263
KELT-6 b,7.8457,13.06545777744717,30.64002777788374,19872,2456347.796793
WASP-13 b,4.3530135,9.340194999906753,33.88238888846504,14626.8288,2455575.5136
Kepler-84 c,12.883,19.8834697222213,40.49605555534363,,
Kepler-58 d,40.101371,19.75723888874054,39.11518888897366,19594.8288,2454965.71799
HAT-P-18 b,5.508023,17.08976416640811,33.01247222264607,9771.84,2454715.02174
Kepler-357 b,6.475434,19.41621111128065,44.0087194442749,9543.5712,2454970.57941
Kepler-406 c,4.62332,19.45653638892703,44.96822222219573,,2454965.37438
WASP-43 b,0.813475,10.32722444428338,-9.80625,4173.12,2455528.86774
Kepler-159 c,43.595792,19.80468055566152,40.8687888888518,18550.7712,2455027.54523
Kepler-39 b,21.0874,19.79735222180685,46.03427777780427,21671.971199999996,2454972.5959
Kepler-215 b,9.360672,19.66489999983046,45.21368888854981,10925.971199999998,2455004.96719
Kepler-294 b,3.701212,19.15946944448683,46.05931111123827,8913.6288,2455013.27593
WASP-88 b,4.954,20.63408333334658,-48.46200000021193,21772.8,2456477.20854
Kepler-29 b,10.3376,19.88988833321465,47.49122222211626,10108.800000000001,2454982.75
Kepler-24 b,8.14561,19.36088444391887,38.34375,14472,2454973.5689
Kepler-306 b,4.646186,19.23591111103694,40.61614999983046,8337.6,2455187.59058
Kepler-83 b,9.77,18.81549999978807,43.66563888867696,,
CoRoT-3 b,4.2568,19.47035138898426,0.1218333334392971,13553.999999999998,2454283.1383
Kepler-377 b,12.509529,19.69479999966092,38.73568888876174,14479.1712,2454970.00758
Kepler-126 d,100.283134,19.28981944455041,44.20851111094157,39027.5712,2455078.04434
HAT-P-38 b,4.640382,2.358866666687859,32.24633333312141,10946.880000000001,2455863.11957
Kepler-18 d,14.85888,19.87196305539873,44.74636111153497,13244.428800000002,2455169.1776
Kepler-380 b,3.930821,18.8263111114502,48.75913888931274,10663.2288,2454968.19896
Kepler-132 d,18.010199,18.88238888846503,41.34303888850742,10476,2455012.42116
Kepler-228 b,2.566546,19.75241111119588,48.2246694442961,8377.197119999999,2455012.5536
Kepler-97 b,2.58664,19.15510833316379,48.67341666645473,,2455004.84121
WASP-96 b,3.4252602,0.06976111120647854,-47.36061111132304,8735.039999999999,
Kepler-139 b,15.771044,18.82613055547078,43.88934999995762,18244.8288,2455017.90582
Kepler-375 b,12.125934,19.24118888907962,48.09841111077203,10944.0288,2454975.10445
Kepler-182 b,9.825792,19.32201111104753,50.58623888889949,17859.5712,2454964.42414
Kepler-306 e,44.840975,19.23591111103694,40.61614999983046,19742.4,2455192.87387
Kepler-253 b,3.783986,19.45613055547078,44.85808888912201,6955.2,2454966.28036
Kepler-259 b,8.115317,19.21413055525885,46.615,10634.3712,2455007.51955
PH-2 b,282.5255,19.31757333331638,51.96260000016954,42494.1984,2455196.1
CoRoT-18 b,1.9000693,6.544827500449286,-0.03158333354526096,8593.19712,2455321.72412
Kepler-203 d,11.32972,19.80600000010596,41.38803055551317,14371.1712,2454966.96882
Kepler-224 b,3.132924,19.39561944431729,47.35760000016954,7322.400000000001,2454968.67544
Kepler-205 b,2.75564,19.01913888878292,41.86116944419013,7012.802879999999,2455003.84454
KOI-4427 b,147.6606,19.67448333316379,39.27408888869815,21563.9712,2455815.2616
KIC 11442793 g,210.60697,18.96223277727763,49.30513888888888,42116.457599999994,
GJ 1214 b,1.58040482,17.25526111125946,4.963805555767483,3163.80384,2454980.7487955
Kepler-268 c,83.446393,19.46508055580987,38.05508055580987,25988.4288,2454991.6851
Kepler-135 c,11.448708,19.36633888880412,38.7954805554284,18169.2288,2454974.38697
Kepler-265 c,17.028937,19.36736111111111,41.24481944402059,17035.2288,2454976.33642
HAT-P-25 b,3.652836,3.229027777777778,25.19738888846503,10143.36,2455176.85173
Kepler-341 e,42.473269,19.32411111089918,43.47276944425371,25804.828800000003,2454979.27815
HAT-P-45 b,3.128992,18.29154944419861,-3.381027777989706,12407.04,2455729.98612
Kepler-399 b,14.425281,19.96678055555456,40.67080000003179,13269.5712,2454969.75198
Kepler-341 c,8.01041,19.32411111089918,43.47276944425371,15177.628799999999,2454968.31534
Kepler-265 d,43.130617,19.36736111111111,41.24481944402059,11037.6,2454999.27537
Kepler-243 c,20.026218,19.00736944463518,42.03396111110846,4748.3971200000005,2454979.90767
Kepler-9 c,38.90861,19.03826555569967,38.40086111108462,14792.544,2455113.98788
Kepler-165 c,15.31299,18.71273055606418,47.80973888927036,10900.8288,2455004.79196
Kepler-326 d,6.766888,19.62170000023312,46.00225000010597,5871.59712,2454969.61605
Kepler-31 c,42.6318,19.60153416660097,45.85305555555556,21686.4,2454974.191
Kepler-82 b,26.444,19.52489166683621,42.96613888846504,,
Kepler-306 c,7.240193,19.23591111103694,40.61614999983046,10987.2288,2455188.01328
Kepler-85 e,25.216751,19.39823055585225,45.29031944433848,14698.8,2454985.68815
Kepler-390 c,13.060022,19.44191944440206,41.20859999974569,9594.0288,2454977.33121
Kepler-61 b,59.87756,19.68696666664547,42.47527777777778,17442,2454984.188
Kepler-80 b,7.053,19.74083888901605,39.97877777735393,,
Kepler-272 d,10.937304,19.94183055559794,47.59383055580987,11102.4,2454969.98503
Kepler-44 b,3.24674,20.00682333310445,45.76213888910082,11584.771200000001,2454966.3781
Kepler-292 b,2.580827,19.71773888885975,42.42428055551317,7531.20288,2455004.56214
Kepler-228 d,11.094286,19.75241111119588,48.2246694442961,16527.6288,2455004.20123
Kepler-140 b,3.25427,19.15796944459279,46.76821944448683,10720.7712,2455005.66151
Kepler-245 d,36.277108,19.44260000016954,42.43631944444444,17294.4288,2455034.27797
Kepler-104 c,23.668205,19.17363888899486,42.16678055555456,21139.2288,2454965.71597
Kepler-263 b,16.568087,19.4979805554284,37.5677888888783,14914.8,2454979.15154
Kepler-278 c,51.078775,19.3404805554284,38.70223055548139,40733.9712,2454985.34892
Kepler-366 b,3.281959,19.79013888888889,49.08443888889419,10263.6288,2454965.41897
HD 149026 b,2.8758911,16.50824444452921,38.3471805551317,11664,2454456.78761
Kepler-186 b,3.8867907,19.91018055597941,43.95501944435968,6865.19712,2454966.3304
Kepler-219 c,22.714613,19.24926944414775,46.7625611114502,20908.8,2454980.29108
Kepler-361 c,55.188023,19.78690000004239,46.74114999983046,33001.171200000004,2455013.75018
Kepler-265 e,67.831024,19.36736111111111,41.24481944402059,25437.6288,2454958.89695
Qatar-2 b,1.3371182,13.84372472233242,-6.803999999894036,6514.5599999999995,2455624.26679
Kepler-293 b,19.254196,19.09053888903724,42.40651111125946,16318.8,2454997.78133
Kepler-166 b,7.650254,19.54401111072964,48.88118888854981,9896.4288,2455004.97149
HAT-P-49 b,2.691548,20.36275777816773,26.69266666624281,14791.679999999998,2456399.62406
Kepler-367 c,53.578637,19.8194888888465,49.98163055525886,18849.6288,2455004.18362
Kepler-313 b,14.970418,19.88633055554496,48.77546111106872,21088.7712,2454967.5006
Kepler-150 c,7.381998,19.21561111132304,40.52089999993642,11246.4288,2455006.07123
Kepler-87 b,114.73635,19.86111111111111,46.965,,
HAT-P-7 b,2.204737,19.48315611097548,47.96949999994702,14420.16,2454731.67929
Kepler-316 c,6.827766,19.38839999993642,44.18411111109786,8708.4288,2454971.61401
Kepler-342 c,26.234138,19.51186944431729,46.72671111106873,8765.9712,2454974.99866
WASP-38 b,6.87188,16.26398999955919,10.03258333312141,17012.16,2455322.1774
WASP-69 b,3.8681382,21.00172027773327,-5.094472221798367,8026.5599999999995,2455748.83344
Kepler-139 c,157.072878,18.82613055547078,43.88934999995762,30661.2,2455314.26266
Kepler-29 c,13.2907,19.88988833321465,47.49122222211626,10972.8,2454978.471
Kepler-444 c,4.5458841,19.31679722222189,41.63613888899485,8153.55936,
WASP-6 b,3.361006,23.2104863887363,-22.67391666677263,9383.04,2454596.43267
Kepler-206 c,13.137471,19.44231111102634,41.83386111110449,17164.8288,2455003.22781
Kepler-169 c,6.195469,19.06666111098395,40.91931944449743,11001.5712,2454967.71616
Kepler-196 b,20.739886,18.99789999961853,42.07919999970331,10850.3712,2455006.21817
Kepler-352 b,10.05537,19.99309999995761,46.05196944448683,10666.7712,2455006.23302
Kepler-329 b,7.416397,19.95120000004768,45.22743055555556,7804.79712,2454968.85335
Kepler-179 b,2.735926,19.91091944482591,47.76203888893127,7153.20288,2455004.09382
Kepler-176 b,5.433074,19.64453055593702,43.85326111104754,8665.2288,2454971.36967
WASP-104 b,1.7554137,10.70682888878716,7.435,6343.488,2456406.11126
WASP-83 b,4.971252,12.67680833286709,-19.28427777780427,12113.279999999999,2455928.8853
Kepler-310 c,56.47542,19.2559611108568,46.98673888895247,22078.8288,2454976.81309
Kepler-339 b,4.977656,19.55678055551317,48.44463888910082,9190.8,2454967.67151
Kepler-124 d,30.950851,19.11685000000729,49.06491111119588,15105.571199999998,2454986.83698
Kepler-52 c,16.3850021,19.11586888843113,49.97575000021193,11250.7488,2455005.72549
WASP-99 b,5.75251,2.659844444062974,-50.00799999978807,18921.6,
HAT-P-5 b,2.788491,18.29369416660733,36.62133333312141,10514.880000000001,2454241.77663
Kepler-125 b,4.164389,19.8838805555635,47.60493888907963,6472.80288,2455004.08676
Kepler-193 b,11.38848,19.7665694448683,46.57723888927036,13024.8,2455007.55117
Kepler-119 c,4.125103,19.72976111094157,42.65891944461399,10223.9712,2454966.64137
Kepler-434 b,12.8747099,19.57242527802785,42.92888888888888,8233.92,2455003.02283
Kepler-16 b,228.776,19.27171527756585,51.7574166668786,,
Kepler-32 d,22.7802,19.85616027779049,46.57424999978807,10713.6,2454988.2
Kepler-58 c,15.5741568,19.75724361101786,39.11516666624281,18364.6656,2454965.43209
WASP-33 b,1.21986983,2.447516667048137,37.55050277776188,9697.536,2454163.22373
TrES-1 b,3.030065,19.06940111107296,36.63263888888889,9046.8576,2453901.90372
Kepler-62 e,122.3874,18.88084972169664,45.34986111111111,24911.9712,2454983.404
Kepler-120 b,6.312501,19.19278055508931,39.33913055578868,10468.8288,2454965.65419
CoRoT-10 b,13.2406,19.40425000005298,0.7461111111111111,10728.0288,2454273.3436
Kepler-286 d,5.914323,19.37841111077203,48.29428888850742,9558,2454966.48698
Kepler-338 c,24.310856,18.86526111072964,40.78435000002384,31752,2454970.04147
WASP-62 b,4.411953,5.809331667158339,-63.98838888910082,13720.32,2455855.39195
Kepler-300 c,40.714955,19.68591111103694,48.59971944491069,31291.2288,2454979.56443
Kepler-258 c,33.653079,19.60456944465637,46.57933055559794,14853.628799999999,2454980.79807
Kepler-25 b,6.2385,19.10922777811686,39.48786111089918,,2455004.70541
Kepler-167 c,7.406097,19.51056111123827,38.34538888931274,10418.3712,2454967.07393
Kepler-291 b,3.546511,19.19441944440206,42.43729999992582,8157.60288,2454967.90112
Kepler-332 d,34.21154,19.11086111068726,47.41369999991523,16952.371199999998,2454987.57732
WASP-11 b,3.722465,3.157928610907661,30.67352777798971,9201.6,2454473.05588
Kepler-192 c,21.2234,19.19453055593702,45.59286944495307,17783.9712,2455003.3746
Kepler-62 c,12.4417,18.88084972169664,45.34986111111111,10871.9712,2454967.651
Kepler-371 c,67.968015,19.48843055566152,38.65758055580987,28087.1712,2454996.5629
Kepler-227 b,9.488015,19.46228055530124,48.14165000014835,11206.7712,2455003.53899
Kepler-33 c,13.17562,19.27183666653103,46.00519444465638,24120.0288,2454976.6764
Kepler-275 b,10.300682,19.49864999983046,38.51491944419013,17881.1712,2454975.73999
CoRoT-14 b,1.51214,6.894947222603691,-5.536027777724795,5983.200000000001,2454787.6694
Kepler-176 d,25.751974,19.64453055593702,43.85326111104754,10270.8,2454969.44951
Kepler-319 d,31.781925,19.25413055552377,39.7706611111429,13906.7712,2454967.86667
Kepler-80 d,3.072186,19.74083888901605,39.9787805557251,7160.400000000001,2454967.02149
Kepler-155 b,5.931194,19.23306111123827,51.08193888876173,8535.60288,2455007.79655
Kepler-342 d,39.459357,19.51186944431729,46.72671111106873,29390.4288,2454969.46152
CoRoT-4 b,9.20205,6.812976388931275,-0.6727499998940362,16816.9824,2454141.36416
HAT-P-19 b,4.008778,0.6344477778010897,34.71152777777778,10212.48,2455091.53417
Kepler-24 c,12.3318,19.36088444391887,38.34375,13355.9712,2454970.586
Kepler-47 c,303.158,19.68652777777778,46.92044444455041,,2455246.985
Kepler-133 c,31.517586,19.81853055556615,48.320330555439,27954.0288,2455018.15322
Kepler-33 f,41.02902,19.27183666653103,46.00519444465638,34871.1264,2455005.5
Kepler-116 b,5.968734,19.64946944448683,43.53683055559794,13100.400000000001,2454970.15762
Kepler-107 c,4.901425,19.80188055555026,48.20861111111111,15116.3712,2454971.60742
Kepler-84 e,27.434389,19.88346944444709,40.49608055538602,18435.600000000002,2454978.1254
Kepler-109 b,6.48163,19.35951750013563,40.2848888888624,,2454955.97755
Kepler-315 b,96.101141,19.86821111109522,43.36351944393582,30095.9712,2455020.73232
KIC 11442793 f,124.9144,18.96223277727763,49.30513888888888,35343.216,
Kepler-170 b,7.930592,18.96808055559794,41.62960000038147,13247.9712,2455002.51582
Kepler-36 c,16.23855,19.41667361111121,49.23186111132304,26747.9712,2454955.9132
Kepler-247 d,20.477912,19.24283055517409,43.03928888903724,11044.771200000001,2455011.66798
Kepler-136 b,11.5789,19.7644888888465,42.59878888871935,10277.9712,2455008.58649
XO-2 b,2.615857,7.801796666648652,50.22580555597941,9644.3136,2454147.74902
Kepler-305 d,16.738661,19.94828888893127,40.34318055576748,8856,2455192.41608
Kepler-120 c,12.794585,19.19278055508931,39.33913055578868,12419.999999999998,2454963.76464
Kepler-393 b,9.182417,19.3996805551317,45.1922111108568,15634.771200000001,2454967.04813
Kepler-96 b,16.23844,19.80464249981774,40.52513888888889,14658.1056,2455004.01897
Kepler-11 d,22.6845,19.80767277770572,41.90911111089918,20109.600000000002,2455594.0069
Kepler-106 b,6.16486,20.05758333312141,44.33750000000001,,2454968.64035
WASP-63 b,4.37808,6.289096111191643,-38.32327777756586,19224,2455921.6527
Kepler-30 b,29.334,19.01891000005934,38.9472777779897,17280,2455246.65
Kepler-214 c,28.7798,18.98366111109654,44.95603055530125,28090.8,2455026.30447
Kepler-273 b,2.936532,19.42014999998941,47.69776111072964,6134.4,2454968.71482
Kepler-323 c,3.553822,19.4254805554284,38.1274694442749,10979.9712,2454967.64078
Kepler-84 d,4.224537,19.88346944444709,40.49608055538602,11419.2288,2454968.43327
Kepler-267 c,6.87745,19.98868888907963,47.15746111128065,4860,2454965.08303
HAT-P-16 b,2.77596,0.6382116667429606,42.46311111132304,11024.64,2455027.59293
TrES-4 b,3.553945,17.88696055544747,37.21174999978808,13061.1744,2454230.9053
Kepler-231 c,19.271566,19.59821944448683,50.53191111140781,11552.3712,2455019.76907
Kepler-184 b,10.687576,19.4634611108568,43.0747111108568,11595.5712,2455002.93154
Kepler-60 b,7.1316185,19.26408277829488,42.265,14946.8544,2454969.03637
Kepler-151 b,15.228958,19.47751944435967,41.0232388888465,9521.9712,2455009.55979
Kepler-242 c,14.496481,19.10438055568271,41.80839999993642,11599.2,2454976.41348
Kepler-230 b,32.625555,19.04789999961853,48.50586111121707,20818.7712,2455027.13742
Kepler-351 c,57.24809,19.09684999995761,42.65788055578867,21322.8288,2455017.69417
Kepler-350 b,11.189562,19.02796944406298,39.70611111111111,18431.9712,2454973.63108
Kepler-382 b,5.262155,19.94241111119588,45.86993055555556,11624.4288,2454969.36774
Kepler-209 b,16.087845,19.41130000008477,42.6408111111323,10360.8288,2455005.81339
Kepler-123 c,26.695074,19.79991111119588,42.78196111149258,16304.3712,2454976.99812
Kepler-59 c,17.9801235,19.13596694442961,46.64011111100515,14849.6544,2454980.69818
KIC 11442793 b,7.008151,18.96223277727763,49.30513888888888,14126.4864,
Kepler-258 b,13.19722,19.60456944465637,46.57933055559794,12304.8288,2455004.54424
Kepler-309 c,105.356383,19.83398888885975,46.96126111136542,13168.8288,2454971.68392
Kepler-302 c,127.282184,19.62113055547078,43.62933888859219,25775.9712,2454996.88937
Kepler-446 d,5.148921,18.81668083333307,44.92111111111111,3179.52,2454966.3196
Kepler-4 b,3.21346,19.0410213889016,50.13574999994702,14259.024,2454956.6127
HD 97658 b,9.4909,11.24256388876173,25.71026666641235,10661.76,
Kepler-261 b,10.381227,19.42431944423252,37.6091694439782,9932.3712,2455101.02361
Kepler-57 b,5.7293196,19.57608555581835,44.65702777756585,4026.60288,2454971.5584
Kepler-175 b,11.903515,19.30354999992583,43.87618055555556,15174,2455011.34082
Kepler-323 b,1.678327,19.4254805554284,38.1274694442749,8495.99712,2454969.05307
Kepler-433 b,5.33408384,19.83957583321465,40.97722222222222,22239.36,2454964.98152
Kepler-377 c,27.014976,19.69479999966092,38.73568888876174,20793.6288,2454965.50842
Kepler-426 b,3.21751883,19.29564194467333,49.47338888910082,7887.455999999999,
Kepler-379 c,62.784697,19.71341111077203,38.9458305560218,16840.8288,2454990.30359
WASP-20 b,4.8996285,0.3440361107720269,-23.93572222232819,12234.24,2455715.8
Kepler-315 c,265.469335,19.86821111109522,43.36351944393582,36662.3712,2454984.06838
Kepler-80 c,9.522,19.74083777798547,39.97877777735393,,
Kepler-179 c,6.40013,19.91091944482591,47.76203888893127,6631.2,2455007.02343
HATS-4 b,2.156729,6.274138333532545,-22.54666666666667,9097.92,2455808.34095
CoRoT-27 b,3.57532,18.56638888888889,5.538473055627611,9972.0288,2455748.684
Kepler-360 c,7.186434,19.08565000004238,44.78155000050862,5061.597119999999,2454969.62273
Kepler-262 b,13.060855,19.38191111140781,37.2526499999894,11800.771200000001,2454970.63086
Kepler-381 b,5.629021,19.01218888918559,43.83108055538602,14086.8288,2454967.74616
Kepler-168 c,13.193242,19.64733888838026,39.82510000016955,17769.6288,2455008.60934
Kepler-84 f,44.552169,19.88346944444709,40.49608055538602,21096.0288,2454993.29097
WASP-49 b,2.7817387,6.072631666925218,-16.96527777777778,7630.848,2455580.59436
Kepler-288 b,6.097326,19.26109999974569,39.5947111108568,11901.6,2455187.06412
Kepler-37 c,21.301886,18.93730722215441,44.51813888894187,13843.0944,2455024.8
Kepler-55 b,27.9481449,19.01122250027127,44.02644444465637,12575.52,2455011.79598
Kepler-272 b,2.971353,19.94183055559794,47.59383055580987,9532.7712,2454967.38675
Kepler-231 b,10.065275,19.59821944448683,50.53191111140781,5184,2454969.28185
Kepler-373 b,5.535309,19.2925305557251,50.5970500002967,10310.3712,2454965.76048
Kepler-288 d,56.633742,19.26109999974569,39.5947111108568,21740.399999999998,2454968.55296
Kepler-445 c,4.871229,19.91573833359612,46.49833333333333,4423.68,2454966.6408
Kepler-21 b,2.785755,19.15744722207387,38.71394722196791,12379.2192,2455039.8
Kepler-352 c,16.332995,19.99309999995761,46.05196944448683,7639.20288,2454969.90648
Kepler-363 b,3.614568,18.87946944448683,41.30538888878292,12243.5712,2454967.69656
Kepler-390 b,6.738088,19.44191944440206,41.20859999974569,8557.202879999999,2454966.32269
CoRoT-28 b,5.20851,18.57922499974569,5.573811110920376,20520,2455755.8466
Kepler-340 b,14.844387,19.72890000025431,40.3005694444312,20253.6288,2454976.58289
Kepler-335 c,67.844469,19.73761944452922,45.42861944410536,43765.228800000004,2454982.49928
Kepler-226 b,3.940997,19.49173888895247,47.88098888927036,9345.6288,2454969.09337
KELT-3 b,2.70339,9.909552222357856,40.38802777767182,11370.24,2456023.459
Kepler-51 c,85.3128662,19.7653183333079,49.93766666677263,10025.5968,2455128.32095
Kepler-226 c,5.349555,19.49173888895247,47.88098888927036,10983.599999999999,2455004.80599
Kepler-11 e,31.9996,19.80767277770572,41.90911111089918,14994.0288,2454987.159
Kepler-366 c,12.51616,19.79013888888889,49.08443888889419,17416.771200000003,2454968.0286
HAT-P-46 b,4.463129,18.02961333380805,-2.970944444338481,11154.24,2455701.33646
Kepler-288 c,19.305772,19.26109999974569,39.5947111108568,15091.228799999999,2455206.19055
Kepler-48 d,42.8961,19.94261416647169,40.94900000042385,,2454979.06554
Kepler-311 b,9.176092,18.80408888896307,47.08548888895247,15631.228799999999,2454971.7174
Kepler-117 c,50.790412,19.25286944442325,48.04023055553436,39232.7712,2454968.63097
Kepler-69 c,242.4613,19.55072916666667,44.86888888888889,41035.7664,2454983.87
Kepler-296 f,63.335879,19.10266944434908,49.43733055565092,13517.971200000002,2454995.61161
Kepler-228 c,4.134444,19.75241111119588,48.2246694442961,11242.8,2455005.97678
Kepler-23 c,10.7421,19.61459416707357,49.47922222243415,22068.0288,2454966.2926
Kepler-378 b,16.092361,19.6632388888465,46.43863888899485,6973.19712,2454975.51349
Kepler-343 c,23.22182,19.46405000050862,42.4330111111535,9748.771200000001,2454984.0664
Kepler-42 b,1.2137672,19.48126555548774,44.6193333334393,1780.704,2455003.48329
Kepler-212 b,16.257582,19.17471944438087,43.14165000014835,23745.5712,2454972.64774
Kepler-296 c,5.841648,19.10266944434908,49.43733055565092,6793.2,2454968.92127
Kepler-356 b,4.612696,19.49473888927036,37.6828194448683,10699.1712,2454965.77463
HAT-P-13 b,2.91625,8.65883694436815,47.35202777783076,11620.800000000001,2454779.92976
Kepler-244 b,4.311792,19.14951111157735,42.30136944439676,9845.9712,2455006.57568
Kepler-448 b,17.8552333,19.83024777730306,41.01083333333333,24399.359999999997,2454979.59599
Kepler-9 b,19.243158,19.03826555569967,38.40086111108462,13760.928,2455073.43381
Kepler-31 d,87.648901,19.60153055561914,45.85308055559794,31661.9712,2454967.93828
Kepler-399 d,58.034616,19.96678055555456,40.67080000003179,19565.9712,2454971.73323
Kepler-215 c,14.667108,19.66489999983046,45.21368888854981,13878,2454978.42381
Kepler-108 b,49.183921,19.63728055556615,46.06233055538601,40597.2,2454974.91123
Kepler-348 c,17.265427,19.81700000001324,40.54836944474114,18673.2,2454968.35658
Kepler-124 b,3.410493,19.11685000000729,49.06491111119588,8600.40288,2454964.57549
Kepler-185 c,20.729042,18.83121111128065,43.88991111119588,10011.6,2455018.43642
Kepler-191 c,17.738506,19.41223055521647,45.32316944440206,10155.628799999999,2454981.98862
Kepler-111 b,3.341815,19.44354999966092,44.6882694445716,9968.4,2454974.35574
Kepler-235 b,3.340222,19.07193888876173,39.27831944465637,6929.99712,2455004.97787
Kepler-48 c,9.67395,19.94261416647169,40.94900000042385,,2454958.33925
Kepler-114 b,5.188549,19.60808888912201,48.34951944457161,8765.9712,2454978.3632
Kepler-60 d,11.9016171,19.26408277829488,42.265,10748.16,2454966.24626
CoRoT-29 b,2.85057,18.59347222222222,6.479719444910685,7516.799999999999,2455753.115
Kepler-14 b,6.790123,19.18058611128065,47.33299999978808,22386.239999999998,2454971.08737
Kepler-234 c,7.21205,19.44356944402059,38.49466111077203,14540.4288,2455005.81664
CoRoT-13 b,4.03519,6.848074999915228,-5.08641666677263,11303.9712,2454790.8091
HAT-P-34 b,5.452654,20.21302361064487,18.10483333322737,12571.199999999999,2455431.59629
Kepler-421 b,704.1984,18.88378805554575,45.08750000000001,56842.560000000005,2455325.7674
Kepler-31 b,20.8613,19.60153416660097,45.85305555555556,17971.2,2454992.141
Kepler-85 c,12.513,19.39822777748108,45.29030555566152,,
Kepler-219 d,47.903645,19.24926944414775,46.7625611114502,20588.4288,2454974.98257
Kepler-431 b,6.803,18.74080555544959,43.22777777777778,,
Kepler-248 c,16.239494,19.53743055555556,43.58136111153497,14508.0288,2455008.56901
Kepler-283 c,92.743711,19.57424999978807,47.83899999989404,22604.4,2455006.31145
HAT-P-30 b,2.810595,8.263326667149862,5.836750000052982,7663.68,2455456.46561
Kepler-430 c,110.979,19.52058000008265,49.57916666666667,,
Kepler-251 d,30.133001,19.77108055565092,44.10586111121707,17708.3712,2455023.38322
Kepler-234 b,2.711506,19.44356944402059,38.49466111077203,11430.0288,2455003.03513
Kepler-37 b,13.367308,18.93730722215441,44.51813888894187,10945.7568,2455017.03271
Kepler-392 c,10.423118,19.24405000050863,43.36808055559794,8157.60288,2454968.15286
HAT-P-28 b,3.257215,0.8667183333345586,34.72838888910082,11586.24,2455417.59832
Kepler-349 c,12.247629,19.5784305551317,44.61558055559794,11800.771200000001,2454971.21701
Kepler-331 d,32.134328,19.45561944431729,39.30736111111111,10134.0288,2454975.26823
WTS-2 b,1.0187074,19.5821863884396,36.81527777777777,5469.05088,
Kepler-362 c,37.866281,19.4514388888412,47.52989999983046,17168.3712,2454967.35783
Kepler-186 e,22.407793,19.91018055597941,43.95501944435968,12132.028799999998,2454986.8006
Kepler-321 c,13.093921,19.63026111072964,44.14596944491068,7704.00288,2454977.52374
Kepler-376 c,14.172327,19.4404805554284,38.41038888931274,9396,2454975.59795
WASP-58 b,5.01718,18.31340305540297,45.17197222232819,13668.480000000001,2455183.9335
Kepler-244 c,9.767292,19.14951111157735,42.30136944439676,4942.797119999999,2455019.57903
Kepler-354 b,5.47666,19.05010000000398,41.33563888894187,9010.8288,2454968.70204
Kepler-278 b,30.160546,19.3404805554284,38.70223055548139,27028.771200000003,2454971.51248
Kepler-183 b,5.687945,19.56871944440736,39.31588888910081,7970.4,2454966.95634
Kepler-210 c,7.972513,19.50023055555092,43.08315000004239,10447.228799999999,2455004.58436
Kepler-437 b,66.65062,19.82315944459703,44.02694722175598,20124.0288,2455670.6876
Kepler-184 d,29.022358,19.4634611108568,43.0747111108568,14259.6288,2455031.3679
Kepler-20 c,10.854092,19.17986777729458,42.33869444423252,11828.592,2454971.60758
Kepler-47 b,49.514,19.68652777777778,46.92044444455041,,2454968.6
Kepler-296 b,3.621457,19.10266944434908,49.43733055565092,6224.40288,2454967.7536
Kepler-402 b,4.028751,19.22468055566152,43.35461111121707,10746,2454966.76902
Kepler-260 b,8.187399,19.4617305554284,38.01411944495307,10897.199999999999,2455093.86771
Kepler-255 c,9.946047,19.73761944452922,45.97683888859219,12167.971200000002,2455004.70016
Kepler-62 f,267.291,18.88084972169664,45.34986111111111,26855.971200000004,2455422.71
HATS-5 b,4.763387,4.481519444783529,-21.48191666709052,10748.16,2456273.79068
Kepler-60 c,8.9193459,19.26408277829488,42.265,15861.2256,2454973.06513
Kepler-395 c,34.989262,19.56741111112965,45.13658888896306,16052.428800000002,2454977.22265
Kepler-431 c,8.703,18.74080555544959,43.22777777777778,,
Kepler-233 c,60.418955,19.75776944425371,51.3195194445716,20228.4,2455014.16152
Kepler-327 d,13.969457,19.50948888884651,44.08766944434908,5068.80288,2454965.17104
HAT-P-31 b,5.005425,18.10251472234726,26.42663888931274,18499.968,2454320.8866
OGLE-TR-113 b,1.4324757,10.87344444433848,-61.44680555555555,6959.7792,2452325.79823
Kepler-356 c,13.121632,19.49473888927036,37.6828194448683,13053.5712,2454966.3931
Kepler-41 b,1.855558,19.63421527776453,45.98163888931275,8553.6,2454970.2
Kepler-270 b,11.476094,18.81333888901604,44.42230000019073,17513.9712,2454968.3951
Kepler-438 b,35.23319,18.77638611157735,41.95109166668522,12528,2455673.0307
Kepler-85 b,8.306,19.39822777748108,45.29030555566152,,
Kepler-313 c,32.273273,19.88633055554496,48.77546111106872,23436,2454982.10331
Kepler-199 b,23.637604,19.70396111117469,40.23626944435967,17834.428799999998,2455005.64846
Kepler-172 b,2.940309,18.89123055564033,41.82186111132305,9342,2455002.9034
Kepler-223 d,14.788759,19.88788888878292,47.2794888888465,21481.2,2455009.76379
Kepler-431 d,11.922,18.74080555544959,43.22777777777778,,
Kepler-360 b,3.289672,19.08565000004238,44.78155000050862,8323.197119999999,2454964.75603
Kepler-246 b,4.60182,19.76556111123827,42.6634305551317,8017.202880000001,2455002.97887
Kepler-347 b,12.79836,19.2799694442749,49.30571944448683,22478.428799999998,2454966.64816
Kepler-217 c,8.586004,19.53585000011656,46.27751944435967,12081.5712,2454970.96096
Kepler-401 c,47.318218,19.33885000016954,50.86348055521647,38084.4288,2455003.06041
Kepler-299 c,6.885875,18.88046111106873,48.58049999978807,14432.4288,2454971.40955
Kepler-112 b,8.408878,19.79873055564033,43.20974999957615,12545.9712,2454967.0062
Kepler-155 c,52.661793,19.23306111123827,51.08193888876173,11476.771200000001,2455016.51681
Kepler-271 c,7.410935,18.8668611111078,44.28423055556085,12286.7712,2454968.74764
Kepler-241 c,36.065978,19.52753888871935,41.06091944482591,15382.828800000001,2455031.58185
WASP-77 A b,1.3600309,2.477008055580987,-7.060666667090522,7776,2455870.44977
Kepler-164 c,10.945723,19.18538888891538,47.62991111119588,10814.4288,2455009.72046
Kepler-371 b,34.763278,19.48843055566152,38.65758055580987,15026.4288,2454994.73489
55 Cnc e,0.736546,8.876702778074478,28.33138888888889,5909.76,2455568.005
KOI-13 b,1.76358799,19.13141861067878,46.86830555558205,11530.425599999999,
Kepler-178 d,96.678988,19.14006944444444,46.89648055606418,22593.600000000002,2454973.17842
Kepler-312 b,1.772419,19.89304999987284,42.45974999957615,8830.7712,2454965.08778
Kepler-164 b,5.03503,19.18538888891538,47.62991111119588,5936.39712,2454965.65465
Kepler-341 b,5.195528,19.32411111089918,43.47276944425371,13737.6,2454965.7352
Kepler-311 c,19.738286,18.80408888896307,47.08548888895247,17496,2454966.28529
WASP-8 b,8.158715,23.99335222244263,-35.0313333331214,15828.48,2454679.33394
Kepler-154 c,62.303276,19.31870000004768,49.89653055508931,27036.0288,2455012.09423
Kepler-334 c,12.758005,19.14271111064487,47.11518888897366,14716.771200000001,2454966.9579
Kepler-372 c,20.053763,19.4170805555582,49.25895000033908,21711.628800000002,2454969.58035
Kepler-127 b,14.435889,19.01266944461399,46.02796111106873,12366,2454974.5114
Kepler-27 b,15.3348,19.48245138910081,41.08586111121708,12491.9712,2454991.6726
Kepler-210 b,2.453234,19.50023055555092,43.08315000004239,6285.599999999999,2455003.89153
Kepler-40 b,6.87349,19.78757916662428,47.52652777777778,24695.9712,2455005.5198
Kepler-171 c,11.463462,19.78478888882531,41.75553888903724,9237.6288,2454970.38428
Kepler-298 c,22.92881,18.86931944449743,48.82536111089919,8632.80288,2455156.03372
Kepler-331 c,17.28111,19.45561944431729,39.30736111111111,9979.2,2454969.00798
Kepler-133 b,8.129976,19.81853055556615,48.320330555439,7455.6028799999995,2454958.97047
WASP-89 b,3.3564227,20.92666111098396,-18.97113888899485,8856,2456207.02114
HAT-P-39 b,3.54387,7.583883055547873,17.8300833331214,15076.8,2455208.75409
WASP-26 b,2.7566,0.3068613889482286,-15.26730555554231,8467.2,2455123.6379
Kepler-312 c,19.747412,19.89304999987284,42.45974999957615,12153.628799999999,2454980.1036
OGLE-TR-56 b,1.211909,17.94319722175598,-29.53922222243415,6756.402239999999,2452072.683
Kepler-235 c,7.824904,19.07193888876173,39.27831944465637,7981.2,2454969.55567
Kepler-146 c,76.732171,19.60738055547079,38.71023055606418,22377.600000000002,2455033.67082
Kepler-372 d,30.092568,19.4170805555582,49.25895000033908,26996.3712,2454982.03083
Kepler-156 b,4.973456,19.35309999995762,37.74948888884651,5684.40288,2455003.88529
Kepler-393 c,14.613612,19.3996805551317,45.1922111108568,19443.6288,2454973.4124
Kepler-136 c,16.399235,19.7644888888465,42.59878888871935,12607.228799999999,2454964.96851
Kepler-436 b,64.00205,20.11472222222222,44.41205555597941,16811.9712,2454967.0428
WASP-82 b,2.705785,4.844044444825914,1.893916666242811,17971.2,2456157.9898
Kepler-144 b,5.885273,18.79438055568271,42.7755111111535,6742.80288,2455007.42565
Kepler-208 d,11.131786,19.59268055597941,42.52796944406298,14824.771200000001,2454956.29541
Kepler-286 e,29.221289,19.37841111077203,48.29428888850742,14148,2454972.33017
Kepler-351 b,37.054919,19.09684999995761,42.65788055578867,18439.2288,2455033.20033
Kepler-89 d,23.342989,19.82220388889313,41.89111111111111,,
Kepler-387 b,6.791636,19.18654999997881,45.65671111106872,11509.171199999999,2454969.4873
HAT-P-9 b,3.92289,7.344577500025431,37.1405833334393,12355.199999999999,2454417.9077
Kepler-33 e,31.7844,19.27183666653103,46.00519444465638,31268.764799999997,2454968.8
Kepler-216 c,17.406669,19.58186944431729,46.12914999961853,24728.3712,2455004.00607
Kepler-365 c,17.784129,19.70843888865577,49.13043055534363,13903.2288,2454979.90524
Kepler-19 b,9.2869944,19.36138944413927,37.85177777780427,12114.576000000001,2454959.70597
Kepler-130 b,8.457458,19.23003888871935,40.24533055517409,11692.771200000001,2454972.06666
Kepler-160 c,13.699087,19.18489999996291,42.86928055551317,17305.2288,2455004.48747
Kepler-207 c,3.071571,19.33536944442325,42.16604999966091,14677.2,2454966.30425
Kepler-284 b,12.699149,19.54309999995762,47.72965000046624,10148.371200000001,2455017.98515
Kepler-326 b,2.248329,19.62170000023312,46.00225000010597,7455.6028799999995,2454966.42421
Kepler-200 c,10.222157,18.96066111140781,41.23746111101575,3996,2454968.89056
Kepler-95 b,11.5231,18.96549722247654,44.39802777820163,,2454964.96841
Kepler-280 c,4.807091,19.42603055530124,42.18058888859219,3243.60288,2454967.64249
KIC 11442793 e,91.93913,18.96223277727763,49.30513888888888,32699.376,
Kepler-249 d,15.368459,19.79900000042386,43.65851944446563,9709.2,2454980.38889
WASP-60 b,4.3050011,23.77777333365546,31.15594444433848,12009.6,2455747.0295
Kepler-99 b,4.60358,19.8236002779007,41.30002777777819,,2455004.83893
Kepler-125 c,5.774464,19.8838805555635,47.60493888907963,6760.8,2454965.96118
Kepler-319 c,6.941357,19.25413055552377,39.7706611111429,6447.599999999999,2454970.54285
Kepler-153 b,18.870227,18.83070000012716,48.25711944421133,11069.999999999998,2455011.71046
Kepler-238 d,13.233549,19.19313888867696,40.63781944433848,23911.2,2454973.32179
Kepler-153 c,46.90232,18.83070000012716,48.25711944421133,13773.6288,2454987.30653
Kepler-295 c,21.526258,19.02306111123827,45.36778055561913,29566.771200000003,2454965.2872
HAT-P-15 b,10.863502,4.416537222332425,39.46063888867696,19742.4,2454638.56019
Kepler-24 e,18.998355,19.36088055504693,38.34375,10666.7712,2454977.74357
HD 209458 b,3.52474859,22.05298611111111,18.88436388889949,11036.476799999999,2452826.628514
K2-3 d,44.5631,11.4889966668023,-1.454786110983954,14342.400000000001,2456826.2232
Kepler-82 c,51.538,19.52489166683621,42.96613888846504,,
WASP-61 b,3.8559,5.019976666768392,-26.05413888878293,14186.880000000001,2455859.52825
Kepler-58 b,10.2184954,19.75724361101786,39.11516666624281,15828.134399999999,2454969.87048
Kepler-379 b,20.09838,19.71341111077203,38.9458305560218,18377.9712,2455040.5759
Kepler-376 b,4.920199,19.4404805554284,38.41038888931274,14094,2454968.40794
Kepler-225 b,6.738975,19.47960000038147,47.45708888901605,10864.8,2454968.27658
CoRoT-17 b,3.7681,18.57994833310445,-6.612249999576145,16992.0288,2454923.3093
Kepler-444 d,6.189392,19.31679722222189,41.63613888899485,8455.4064,
Kepler-444 e,7.743493,19.31679722222189,41.63613888899485,10260.9504,
WASP-31 b,3.405909,11.29593249956767,-19.05477777798971,9564.480000000001,2455189.2828
Kepler-102 d,10.3117,18.76549999978807,47.20777777777778,,2454967.0792
Kepler-164 d,28.986769,19.18538888891538,47.62991111119588,12398.4,2454967.78268
WASP-101 b,3.585722,6.556738888952467,-23.48616666661368,9763.2,
Kepler-199 c,67.093408,19.70396111117469,40.23626944435967,24951.6288,2454979.56577
Kepler-344 b,21.963945,19.49998055564033,46.324411110878,9633.6,2454966.03648
Kepler-132 b,6.178196,18.88238888846503,41.34303888850742,11750.400000000001,2455001.86198
Kepler-250 d,17.648312,19.30631944444444,44.14195000012715,7128,2454966.545
Kepler-256 d,5.839172,19.50536111089918,46.09738888846503,11282.3712,2454965.08845
Kepler-187 b,4.938864,19.98643055544959,44.08931111123827,15404.4288,2454968.95186
Kepler-374 d,5.028219,19.60918888939752,42.37050000005299,12383.971199999998,2454967.10741
Kepler-383 c,31.200751,19.42283888869816,38.36313055568272,13384.8288,2454973.07568
Kepler-295 b,12.645164,19.02306111123827,45.36778055561913,31006.8,2454971.62536
Kepler-171 d,39.595519,19.78478888882531,41.75553888903724,22734,2455001.11922
Kepler-287 b,20.342199,19.39516111161974,48.44354999966091,8125.202880000001,2454970.69875
WASP-36 b,1.5373653,8.77202722231547,-8.026944444444446,6537.024,2455569.83731
Kepler-213 c,4.822962,19.38828055540721,44.6471805551317,2980.8,2454967.43649
Kepler-268 b,25.934138,19.46508055580987,38.05508055580987,16455.5712,2454982.76209
Kepler-430 b,35.968,19.52058000008265,49.57916666666667,,
Kepler-204 b,14.400974,19.02315000004238,41.76191944440206,14061.6,2455007.98593
Kepler-149 c,55.328328,19.05691111087799,38.38411944442325,25012.8,2455019.32665
HAT-P-6 b,3.852985,23.65161277784241,42.46597222222223,12623.04,2454035.67575
Kepler-35 b,131.458,19.6331319448683,46.68975000010596,,
Kepler-397 b,22.250949,19.72626944435967,42.3804499997033,6080.4,2454982.43067
Kepler-129 c,82.20017,19.02074999994702,47.84856111102634,38052.0288,2455041.78963
Kepler-398 c,11.419412,19.43123888863458,40.34385000016955,12031.2,2454975.11768
Kepler-211 b,4.138575,19.02928055551317,43.16848055561383,8013.6,2454965.01632
Kepler-242 b,8.20395,19.10438055568271,41.80839999993642,9864.0288,2455002.69117
Kepler-138 b,10.312364,19.35876944435967,43.29298888842265,6912,2454966.54425
Kepler-389 b,3.244107,19.46400000042386,44.90001944444452,7538.4,2454965.94408
Qatar-1 b,1.420033,20.22544861104753,65.16207777765062,5802.624,2455518.4102
Kepler-194 b,2.092281,19.46476111094157,47.86416944397821,8463.59712,2454966.05964
Kepler-221 d,10.04156,19.77698055585225,46.83526944438616,9108.0288,2454970.08456
Kepler-338 d,44.431014,18.86526111072964,40.78435000002384,38246.4288,2454976.54198
Kepler-32 e,2.896,19.85616027779049,46.57424999978807,4579.2,2454966.61
Kepler-146 b,31.158799,19.60738055547079,38.71023055606418,18680.3712,2455006.90272
Kepler-11 f,46.6888,19.80767277770572,41.90911111089918,23151.5712,2454964.6487
Kepler-176 c,12.759712,19.64453055593702,43.85326111104754,12747.6288,2455003.31062
KIC 11442793 d,56.73667,18.96223277727763,49.30513888888888,27808.272,
Kepler-442 b,112.3053,19.02443888876173,39.2800833331214,20232.0288,2455849.5578
Kepler-251 b,4.790936,19.77108055565092,44.10586111121707,9737.9712,2454969.31148
Kepler-292 c,3.715335,19.71773888885975,42.42428055551317,8352.00288,2455002.79198
Kepler-324 b,4.385315,19.09809999995761,49.64901944478353,8956.8288,2454972.22656
Kepler-250 c,7.156804,19.30631944444444,44.14195000012715,9241.1712,2455007.13628
Kepler-309 b,5.923653,19.83398888885975,46.96126111136542,10033.2,2454967.68239
Kepler-261 c,24.570858,19.42431944423252,37.6091694439782,9939.6288,2454968.87408
Kepler-336 c,9.600001,19.34918055534363,41.33138055589464,15274.828800000001,2454969.58177
Kepler-365 b,10.664903,19.70843888865577,49.13043055534363,11854.7712,2454965.00994
Kepler-12 b,4.4379637,19.08289638837179,50.04033333354526,16911.072,2455004.00835
Kepler-229 d,41.194912,19.1333000002967,48.37578888893128,18072.0288,2454998.02365
KIC 11442793 c,8.719375,18.96223277727763,49.30513888888888,15242.5152,
HAT-P-36 b,1.327347,12.55108583331108,44.9153055551317,7974.719999999999,2455565.18144
WASP-35 b,3.161575,5.072118333180745,-6.229805555343628,11041.92,2455531.47907
CoRoT-22 b,9.75598,18.71114138921102,6.218888888888889,16156.8,2454598.42014
Kepler-132 c,6.414914,18.88238888846503,41.34303888850742,11880.000000000002,2455002.63908
WTS-1 b,3.352059,19.59954722192552,36.29032500002119,,2454318.7472
Kepler-322 b,1.653888,18.75658888869815,44.29523888905843,6019.20288,2454965.19171
Kepler-51 b,45.1555023,19.7653183333079,49.93766666677263,20804.4288,2454992.10435
Kepler-252 b,6.668391,19.7052888891432,44.54596111085679,7120.802879999999,2454970.43483
XO-1 b,3.941534,16.03662222226461,28.16955555544959,10570.176,2453808.917
Kepler-63 b,9.4341505,19.28174833297729,49.54819444444444,10450.7712,
Kepler-33 d,21.77596,19.27183666653103,46.00519444465638,,
Kepler-287 c,44.851896,19.39516111161974,48.44354999966091,12902.3712,2455005.463
Kepler-245 b,7.49019,19.44260000016954,42.43631944444444,10094.371200000001,2455007.94919
Kepler-100 c,12.8159,19.42573222266303,41.99024999989404,,
Kepler-180 c,41.885775,19.70476111094157,49.77458055549198,22467.6288,2455011.68703
Kepler-82 e,5.902206,19.52488888899485,42.96613888846504,10177.228799999999,2454969.78443
Kepler-20 d,77.61184,19.17986777729458,42.33869444423252,22787.9136,2454997.7271
Kepler-217 b,5.374943,19.53585000011656,46.27751944435967,14439.6,2455003.93324
Kepler-235 e,46.183669,19.07193888876173,39.27831944465637,17398.8,2454998.23932
Kepler-227 c,54.418694,19.46228055530124,48.14165000014835,16239.571199999998,2454995.51038
Kepler-169 d,8.348125,19.06666111098395,40.91931944449743,10044,2454969.84117
Kepler-254 b,5.826662,19.21098055521647,45.81651111072964,10915.1712,2455006.01039
Kepler-79 e,81.065298,20.03448055558735,44.38158055517409,13269.5712,2454972.52908
Kepler-241 b,12.718092,19.52753888871935,41.06091944482591,11221.199999999999,2455008.35418
Kepler-380 c,7.630004,18.8263111114502,48.75913888931274,10616.4,2454970.08071
Kepler-384 b,22.597053,19.06841111116939,44.78286944495307,21711.628800000002,2454973.4199
Kepler-193 c,50.697494,19.7665694448683,46.57723888927036,22014.0288,2454974.32288
Kepler-368 c,72.379334,19.45866944419013,45.38793055534363,27665.9712,2455012.5342
Kepler-102 f,27.4536,18.76549999978807,47.20777777777778,,2454978.02565
Kepler-131 c,25.5169,19.23538944443067,40.9422777779897,,2454987.42342
Kepler-74 b,7.340718,19.53950277752347,41.35549999978807,9716.3712,
WASP-55 b,4.465633,13.58387388888333,-17.50352777772479,12700.8,2455737.9396
Kepler-280 b,2.139542,19.42603055530124,42.18058888859219,7272.00288,2454966.6526
Kepler-325 c,12.762172,19.32236111111111,49.82563055568271,6616.79712,2454976.73016
OGLE-TR-111 b,4.0144479,10.88830833329095,-61.40563888867696,9743.76,2452330.449
Kepler-185 b,1.6329,18.83121111128065,43.88991111119588,5612.39712,2454967.54797
WASP-3 b,1.846834,18.57545138888889,35.66152777777778,10108.800000000001,2454605.55922
Kepler-172 d,14.627119,18.89123055564033,41.82186111132305,12747.6288,2454969.23672
Kepler-182 c,20.684342,19.32201111104753,50.58623888889949,23097.5712,2455003.18819
TrES-5 b,1.4822446,20.34812527762519,59.44877777735392,6648.59232,2455443.25153
Kepler-49 e,18.596108,19.48631111118529,40.59178888903724,7790.402880000001,2454974.26415
Kepler-399 c,26.67569,19.96678055555456,40.67080000003179,9928.828800000001,2454982.99908
Kepler-175 c,34.035257,19.30354999992583,43.87618055555556,25405.2288,2454967.4229
Kepler-391 c,20.485435,19.37478888882531,51.05730000019073,37371.6288,2454979.92391
Kepler-200 b,8.594805,18.96066111140781,41.23746111101575,12722.4,2455004.62998
Kepler-122 d,21.587475,19.40746111128065,39.94911111089918,16858.8,2454975.97287
Kepler-18 b,3.504725,19.87196305539873,44.74636111153497,7473.599999999999,2454966.5068
HAT-P-23 b,1.212884,20.40825666692522,16.76213888910082,7845.120000000001,2454852.26464
Kepler-388 c,13.297004,18.98853888882531,44.60873055564033,11797.228799999999,2454973.94788
Kepler-246 c,11.187161,19.76556111123827,42.6634305551317,11379.571199999998,2454970.18172
Kepler-240 b,4.144495,19.41058055559794,40.75026944445239,8524.80288,2454968.92658
Kepler-26 c,17.25204,18.99606638908386,46.56652777777777,7631.9712,2454982.8854
Kepler-143 c,27.082511,19.87118055555555,49.41260000016954,18370.8,2455024.80613
Kepler-206 b,7.781987,19.44231111102634,41.83386111110449,13118.3712,2454966.5899
Kepler-22 b,289.8623,19.28116472244263,47.88441666669316,26693.9712,2454966.6983
Kepler-68 c,9.605085,19.40215666664971,49.04024999989404,9345.1104,2454969.3805
Kepler-300 b,10.446347,19.68591111103694,48.59971944491069,7884,2454966.27803
Kepler-110 c,31.719775,19.52861111111111,48.60281111107933,17362.7712,2454975.82056
Kepler-42 d,1.865169,19.48126555548774,44.6193333334393,2085.80832,2454966.7847
Kepler-357 d,49.499875,19.41621111128065,44.0087194442749,23738.399999999998,2454972.04946
Kepler-134 b,5.317429,18.98260000016954,49.59840000046624,10443.6,2455004.87608
Kepler-369 b,2.732756,19.57828055593702,47.9084611108568,3733.19712,2455187.09555
Kepler-257 d,24.664551,19.82106944455041,46.02326111104753,9558,2455022.02052
Kepler-342 b,15.170318,19.51186944431729,46.72671111106873,14457.5712,2454965.66283
Kepler-119 b,2.422082,19.72976111094157,42.65891944461399,9266.4,2454965.93928
WASP-64 b,1.5732918,6.74100277794732,-32.85838888910082,8639.136,2455582.60169
Kepler-190 b,2.019999,19.23893888897366,44.73379999998543,6555.599999999999,2455003.06945
Kepler-56 c,21.4050484,19.58388999998569,41.87186111132304,39886.9056,2454980.0928
Kepler-237 b,4.715106,18.88143055597941,40.42183055559794,8463.59712,2454967.95992
Kepler-223 e,19.721734,19.88788888878292,47.2794888888465,20952,2454968.10369
WASP-74 b,2.13775,20.30258888880412,-1.075722221798367,8251.2,2456506.8918
WASP-68 b,5.084298,20.33971666653951,-19.3146944448683,18489.6,2456064.86356
Kepler-81 d,20.837846,19.5758000002967,42.82496944427491,9251.9712,2454965.07963
Kepler-403 c,54.280749,19.32809999995762,46.74456111060248,19342.8,2454973.7172
Kepler-197 d,15.677563,19.6817611111535,50.55898055606418,19173.6288,2455012.46886
Kepler-348 b,7.05677,19.81700000001324,40.54836944474114,6872.402880000001,2454965.53178
Kepler-341 d,27.666313,19.32411111089918,43.47276944425371,21772.8,2454976.86829
Kepler-445 d,8.15275,19.91573833359612,46.49833333333333,4993.92,2454836.7512226
Kepler-364 c,59.980627,18.77133055580987,47.39868888854981,23695.2,2455009.15025
Kepler-299 e,38.285489,18.88046111106873,48.58049999978807,20296.8288,2454976.30747
CoRoT-23 b,3.6313,18.65217777782016,4.357777777777778,13996.800000000001,2455308.939
Kepler-387 c,11.837549,19.18654999997881,45.65671111106872,11721.6288,2454975.2121
Kepler-54 d,20.995694,19.65160000006358,43.05630000008477,9712.828800000001,2454985.31995
WASP-39 b,4.055259,14.48844666692946,-3.444472221798367,10091.52,2455342.9688
Kepler-102 e,16.1457,18.76549999978807,47.20777777777778,,2454967.75384
Kepler-219 b,4.585512,19.24926944414775,46.7625611114502,11779.1712,2455002.8568
Kepler-385 b,10.043686,19.62256944444444,50.33653888887829,16549.2288,2455186.62503
Kepler-374 b,1.897806,19.60918888939752,42.37050000005299,9507.6288,2454965.67854
Kepler-296 e,34.142347,19.10266944434908,49.43733055565092,15339.6288,2454954.02752
Kepler-255 b,5.714606,19.73761944452922,45.97683888859219,8056.8,2454965.64035
Kepler-197 b,5.599308,19.6817611111535,50.55898055606418,13251.6,2455004.47282
Kepler-183 c,11.637071,19.56871944440736,39.31588888910081,11840.4288,2455011.84301
Kepler-232 b,4.431222,19.72108055565092,51.12173888895246,11419.2288,2455004.01551
Kepler-345 c,9.387427,19.68191944440206,45.97101944446564,5598.002879999999,2454970.38084
WASP-80 b,3.0678504,20.2111605559455,-2.144194444020589,7603.2,2456125.417512
Kepler-152 b,18.207973,19.12436944431729,41.98908055570391,13521.6,2455018.84202
Kepler-8 b,3.52254,18.75254111104541,42.45105555554231,11554.0128,2454954.1182
Kepler-336 d,20.678772,19.34918055534363,41.33138055589464,16253.999999999998,2454984.69139
Kepler-353 c,8.410894,19.7904388888677,41.75818055576748,8110.8,2454966.80505
Kepler-154 b,33.040532,19.31870000004768,49.89653055508931,12078.0288,2454994.22087
Kepler-237 c,8.103636,18.88143055597941,40.42183055559794,11340,2455009.94805
HAT-P-14 b,4.627669,17.3410761112637,38.24219444433848,7879.68,2454875.28938
Kepler-317 c,8.77501,19.66293055534363,39.03206111060248,10285.228799999999,2454966.7098
Kepler-301 d,13.751243,18.93219999949137,49.23298888842265,14248.828800000001,2454977.61227
Kepler-148 c,4.180043,19.31908055543899,46.85878888871935,8935.228799999999,2455006.71928
Kepler-49 d,2.576549,19.48631111118529,40.59178888903724,5749.20288,2455005.12932
Kepler-169 b,3.250619,19.06666111098395,40.91931944449743,7685.99712,2454966.69209
WASP-66 b,4.086052,10.54833361095852,-34.98980555534363,16208.64,2455929.09615
Kepler-303 c,7.061149,18.87570000012716,43.65704999976688,3794.40288,2454969.27187
Kepler-168 b,4.425391,19.64733888838026,39.82510000016955,12650.4288,2454967.56055
Kepler-56 b,10.5034294,19.58388999998569,41.87186111132304,48744.3744,2454968.55893
Kepler-238 b,2.090876,19.19313888867696,40.63782222217984,11494.8288,
Kepler-151 c,24.674612,19.47751944435967,41.0232388888465,10850.3712,2454979.77073
Kepler-150 b,3.428054,19.21561111132304,40.52089999993642,8312.39712,2454965.36794
Kepler-353 b,5.795278,19.7904388888677,41.75818055576748,7862.4,2454969.78197
Kepler-93 b,4.72674,19.42786111089918,38.67222222222222,,2454967.9258
Kepler-281 c,36.337373,19.6072111108568,44.77070000012716,24512.3712,2454993.40092
WASP-94 A b,3.9501907,20.91887472218938,-34.13552777780427,16156.8,
Kepler-236 b,8.295611,18.92443055576748,39.89808055559794,4780.79712,2454968.79207
WASP-5 b,1.6284229,23.95659972243839,-41.27713888910082,8536.32,2454373.99601
Kepler-78 b,0.35500744,19.58277472178141,44.44838888910081,2930.4288,2454953.95995
Kepler-55 f,10.198545,19.0112194442749,44.02646111064487,7822.80288,2454970.91714
Kepler-314 c,5.960392,19.64493888854981,42.07558055559794,9953.9712,2454970.26485
CoRoT-2 b,1.7429935,19.45180444439252,1.383694444431199,8161.344,2454237.53556
Kepler-447 b,7.79430132,19.01790555556615,48.56,4085.8559999999998,2454970.26
Kepler-187 c,10.640263,19.98643055544959,44.08931111123827,19022.4288,2455012.77393
Kepler-257 c,6.581484,19.82106944455041,46.02326111104753,11840.4288,2455007.78643
Kepler-424 c,223.3,19.90832611136966,48.57744444423252,,
Kepler-289 b,34.543901,19.83101944393582,42.88283888922798,12078.0288,2454965.68686
Kepler-346 c,23.851549,19.20078888886504,46.11761111113761,8586,2454980.61656
Kepler-402 e,11.242861,19.22468055566152,43.35461111121707,15098.4,2454969.31655
HAT-P-20 b,2.875317,7.46109694480896,24.3364722222752,6652.8,2455080.92661
Kepler-439 b,178.1396,18.72010555558734,44.03400000002649,34523.9712,2455399.3987
CoRoT-5 b,4.0378962,6.751816944413715,0.8152222220102946,10250.8416,2454400.19885
WASP-47 b,4.1591399,22.08020305527581,-12.0188611111376,12902.112,2455764.34602
Kepler-194 d,52.814973,19.46476111094157,47.86416944397821,26280.0288,2454997.90324
Kepler-36 b,13.83989,19.41667361111121,49.23186111132304,24263.9712,2454960.9753
Kepler-161 b,4.921355,19.36776944445239,43.08381944444444,6742.80288,2455007.29899
HAT-P-35 b,3.646706,8.216716388890314,4.78702777783076,14169.6,2455578.66081
Kepler-253 c,10.281951,19.45613055547078,44.85808888912201,12661.2288,2455008.33982
Kepler-5 b,3.54846,19.96046722200182,44.03502777775128,16468.0128,2454955.90122
Kepler-161 c,7.06424,19.36776944445239,43.08381944444444,4863.60288,2454968.37914
Kepler-331 b,8.457496,19.45561944431729,39.30736111111111,8294.4,2454966.86954
Kepler-28 c,8.98597,19.47580194473267,42.42941666709052,15804.0288,2454981.7277
HATS-9 b,1.9153073,19.38729999992583,-20.16630555576748,12588.48,2456124.25896
Kepler-121 b,3.177422,19.0774694442749,39.67799999978807,5309.99712,2454967.47787
Kepler-412 b,1.720861232,19.07402222209507,43.68096111085679,7477.20288,2454966.021033
Kepler-170 c,16.665863,18.96808055559794,41.62960000038147,15119.999999999998,2455013.20177
Kepler-122 b,5.766193,19.40746111128065,39.94911111089918,13845.6,2454967.01488
WASP-12 b,1.09142245,6.509109444088406,29.67227777798971,10540.8,2454508.97682
Kepler-148 b,1.729366,19.31908055543899,46.85878888871935,6325.197120000001,2454966.81853
Kepler-285 b,2.633867,19.42606111102634,48.06561111132304,7419.6,2454967.56281
Kepler-333 b,12.551158,19.48573888884651,40.91358888838026,11577.6,2454970.26142
Kepler-370 c,19.02293,19.47808055559794,40.91631111145019,12304.8288,2454972.66161
Kepler-111 c,224.784608,19.44354999966092,44.6882694445716,40298.4288,2454975.09604
Kepler-267 d,28.464515,19.98868888907963,47.15746111128065,9871.2,2454991.04035
HATS-3 b,3.547851,20.83049999978807,-24.42880555576749,12908.16,2456155.096734
Kepler-101 b,3.487691,18.88370000001457,48.35522777769301,13802.4,2455003.9
Kepler-362 b,10.327186,19.4514388888412,47.52989999983046,6490.8,2454972.3793
Kepler-301 b,2.508553,18.93219999949137,49.23298888842265,8258.39712,2454968.0101
Kepler-403 b,7.031462,19.32809999995762,46.74456111060248,21052.8288,2454967.45161
Kepler-404 c,14.751166,19.0932388888465,45.34353055530124,4197.59712,2454970.1376
Kepler-279 b,12.309681,19.15941111140781,42.19483055538601,21124.8,2454970.68644
Kepler-207 d,5.868075,19.33536944442325,42.16604999966091,14292.0288,2455003.32243
Kepler-297 c,74.920137,18.88061111132304,48.77763888888889,17258.4,2454958.0377
Kepler-345 b,7.415563,19.68191944440206,45.97101944446564,7095.6,2454970.81508
Kepler-141 c,7.010606,19.86473055521647,47.73168055534363,10749.6288,2455007.57599
Kepler-220 d,28.122397,19.43373888889948,46.8957388888465,14770.7712,2454979.91883
WASP-4 b,1.3382299,23.57085611104965,-42.06141666624281,7661.951999999999,2454387.327787
Kepler-432 c,406.2,19.55214694446988,48.28583333333333,,
Kepler-141 b,3.107675,19.86473055521647,47.73168055534363,7984.80288,2454965.63058
Kepler-256 e,10.681572,19.50536111089918,46.09738888846503,12751.171199999999,2454964.55493
HATS-10 b,3.312846,19.62050000005298,-22.20447222232819,10825.92,2456457.88193
Kepler-189 b,10.399931,19.17098055548138,44.305,12301.2,2454974.51092
Kepler-101 c,6.029809,18.88370000001457,48.35523055553436,14508.0288,2454965.48205
Kepler-81 c,12.04,19.57579722192552,42.82497222211626,,
Kepler-156 c,15.906801,19.35309999995762,37.74948888884651,14342.400000000001,2455010.93315
Kepler-127 d,48.630408,19.01266944461399,46.02796111106873,25264.8288,2455005.54709
Kepler-275 c,16.088134,19.49864999983046,38.51491944419013,21196.7712,2454972.49745
Kepler-201 c,151.884058,19.57506944444444,41.27281944433848,46764,2455009.41816
Kepler-208 c,7.466623,19.59268055597941,42.52796944406298,13975.2,2454965.77383
Kepler-274 b,11.634788,19.52818055576748,38.47728055530124,19947.6,2454973.49696
Kepler-420 b,86.647661,19.41501194424099,44.92722222222222,,2455006.79454
Kepler-75 b,8.884924,19.40917277759976,36.57736111111112,6739.2,
Kepler-326 c,4.580358,19.62170000023312,46.00225000010597,7711.2,2454967.07605
Kepler-249 c,7.113702,19.79900000042386,43.65851944446563,7988.39712,2455007.32459
Kepler-79 c,27.402,20.03447611106767,44.38150000042386,,
Kepler-251 c,16.514043,19.77108055565092,44.10586111121707,14788.828800000001,2455009.11632
Kepler-15 b,4.942782,19.7467069445716,49.1400833331214,10421.9136,2454969.328651
Kepler-302 b,30.184104,19.62113055547078,43.62933888859219,21384,2454979.64006
Kepler-317 b,5.524242,19.66293055534363,39.03206111060248,9619.1712,2454968.61931
Kepler-152 c,88.255055,19.12436944431729,41.98908055570391,14529.6288,2454986.78027
Kepler-343 b,8.96855,19.46405000050862,42.4330111111535,15573.599999999999,2454972.38991
CoRoT-16 b,5.35227,18.56830916669634,-6.002583333386315,8603.99712,2454923.9138
Kepler-59 b,11.8681707,19.13596694442961,46.64011111100515,21517.2288,2454970.74767
Kepler-98 b,1.54168,19.04411027802362,37.96450000021193,,2455003.54328
Kepler-192 b,9.926746,19.19453055593702,45.59286944495307,13608,2455008.68501
Kepler-202 c,16.282493,18.86488888846504,41.32201111104754,10270.8,2455013.79623
Kepler-339 c,6.988055,19.55678055551317,48.44463888910082,11340,2454965.5611
WASP-59 b,7.919585,23.30820555580987,24.88927777767181,8812.8,2455830.95559
WASP-54 b,3.6936411,13.69695222218831,-0.1280555555555556,16096.32,2455518.35087
HAT-P-8 b,3.076337,22.86940611124039,35.44708333333333,13711.68,2454437.67587
Kepler-446 b,1.565409,18.81668083333307,44.92111111111111,2324.16,2454965.9135
WASP-15 b,3.7521,13.92852916717529,-32.15961111068725,13366.08,2454584.69819
Kepler-425 b,3.79701816,19.35720083342658,40.56772222220898,8470.656,
Kepler-445 b,2.984151,19.91573833359612,46.49833333333333,3709.152,2454966.1194
XO-4 b,4.1250828,7.359212777879502,58.26805555555556,,2454485.933323
WASP-48 b,2.143634,19.41082888921102,55.47313888867696,11465.28,2455364.55043
Kepler-89 b,3.743208,19.82220388889313,41.89111111111111,,
WASP-32 b,2.718661,0.2641238890753852,1.200194444441133,8553.6,2455681.1945
Kepler-265 b,6.846262,19.36736111111111,41.24481944402059,12923.9712,2454965.17037
OGLE-TR-211 b,3.67724,10.67066388898426,-62.45561111132304,12786.249600000001,2453428.334
Kepler-325 b,4.544439,19.32236111111111,49.82563055568271,6321.60288,2454967.9001
Kepler-11 g,118.3807,19.80767277770572,41.90911111089918,34560,2455120.2901
Kepler-256 b,1.620493,19.50536111089918,46.09738888846503,8067.6,2454965.06776
Kepler-269 c,8.127899,19.34768055597941,41.77596944491069,14036.3712,2455191.68805
Kepler-250 b,4.148141,19.30631944444444,44.14195000012715,8650.800000000001,2454966.39095
Kepler-169 e,13.767102,19.06666111098395,40.91931944449743,10483.171199999999,2455007.81064
Kepler-358 c,83.488369,19.54868055555556,48.28136944452921,21916.8288,2455021.53814
WASP-56 b,4.617101,12.22441833337148,23.05563888867696,12821.76,2455730.799
Kepler-18 c,7.64159,19.87196305539873,44.74636111153497,12556.7712,2455167.0883
Kepler-215 e,68.16101,19.66489999983046,45.21368888854981,20354.371199999998,2455020.03247
HATS-6 b,3.3252725,5.876453055275811,-19.03138888888889,7347.456,2456643.74058
Kepler-230 c,91.773242,19.04789999961853,48.50586111121707,21722.4288,2455026.83073
Kepler-388 b,3.173315,18.98853888882531,44.60873055564033,7351.19712,2454966.69965
Kepler-107 e,14.749049,19.80188055555026,48.20861111111111,23716.800000000003,2454971.77998
CoRoT-8 b,6.21229,19.43923333326975,1.426444444656372,9864.0288,2454238.9743
Kepler-401 b,14.383035,19.33885000016954,50.86348055521647,31424.371199999998,2454973.55968
Kepler-291 c,5.700786,19.19441944440206,42.43730277776718,5929.200000000001,2454965.68674
CoRoT-20 b,9.24285,6.5146944448683,0.2268888886769613,8009.280000000001,2455266.0001
Kepler-292 e,11.97901,19.71773888885975,42.42428055551317,14738.371200000001,2455011.9664
Kepler-81 b,5.955,19.57579722192552,42.82497222211626,,
Kepler-347 c,27.320871,19.2799694442749,49.30571944448683,14137.199999999999,2454987.30618
Kepler-32 c,8.7522,19.85616027779049,46.57424999978807,8380.800000000001,2454977.378
Kepler-23 b,7.10664,19.61459416707357,49.47922222243415,17172,2454971.3022
WASP-23 b,2.9444256,6.741847222116259,-42.76138888888889,8619.264000000001,2455320.12363
Kepler-289 d,66.0634,19.83102277755737,42.88277777777778,12804.48,
Kepler-194 c,17.308032,19.46476111094157,47.86416944397821,17859.5712,2455009.94169
CoRoT-25 b,4.86069,18.65003416666761,6.969777777724796,6912,2454576.2156
Kepler-419 c,675.47,19.69452777756585,51.18472222222222,,
Kepler-332 b,7.626324,19.11086111068726,47.41369999991523,8532,2454969.01672
Kepler-229 c,16.068638,19.1333000002967,48.37578888893128,12765.599999999999,2455006.62165
OGLE-TR-132 b,1.689868,10.84297777811686,-61.95719444433848,8916.7392,2453142.5912
WASP-52 b,1.7497798,23.23298888842265,8.761277777353923,6514.5599999999995,2455793.68143
Kepler-337 c,9.693201,19.33736944437027,47.16396111064487,19832.428799999998,2454965.8115
Kepler-213 b,2.46236,19.38828055540721,44.6471805551317,6364.80288,2455004.83986
Kepler-386 c,25.193458,19.32393055544959,48.69385000016954,16682.3712,2454979.43209
Kepler-304 b,3.295709,19.62945000012716,40.55758888880411,6469.2,2454966.96482
Kepler-149 d,160.018032,19.05691111087799,38.38411944442325,18539.9712,2455084.28348
Kepler-77 b,3.57878087,19.30719694455465,44.34541666666667,10561.536,
Kepler-55 d,2.211099,19.0112194442749,44.02646111064487,5918.400000000001,2455003.14912
Kepler-327 b,2.549575,19.50948888884651,44.08766944434908,6001.19712,2454965.60488
WASP-50 b,1.9550959,2.912537499533759,-10.89805555555555,6500.736,2455558.61197
Kepler-87 c,191.2318,19.86111111111111,46.965,,
Kepler-105 c,7.125939,19.19248888863457,46.27623888863457,10087.2,2454972.00421
WASP-98 b,2.96264,3.895250000423855,-34.32825000021193,6868.8,
Kepler-195 c,34.096863,19.20806111123827,47.96666944444438,14054.4288,2454986.81712
GJ 3470 b,3.336649,7.9849638888571,15.39152777777778,6903.36,2456340.72559
Kepler-290 c,36.77031,19.09400000042385,42.68155000050862,15400.8,2454997.29316
Kepler-334 d,25.09849,19.14271111064487,47.11518888897366,9961.2288,2454978.56945
Kepler-273 c,8.014927,19.42014999998941,47.69776111072964,12164.4288,2454967.83202
Kepler-266 b,6.61833,19.63228888935513,44.16691111110978,13381.2,2455193.3696
Kepler-223 b,7.384108,19.88788888878292,47.2794888888465,19497.628800000002,2454970.48632
HD 17156 b,21.21663,2.828977777693007,71.7533111111323,11556,2454756.73134
Kepler-137 c,18.735753,18.8090388891432,43.03910000006358,10817.971200000002,2455010.63394
Kepler-116 c,13.07163,19.64946944448683,43.53683055559794,10886.4,2454977.43294
Kepler-117 b,18.795952,19.25286944442325,48.04023055553436,27079.2288,2454978.82028
HAT-P-44 b,4.301219,14.20960194481744,47.0146944448683,11249.28,2455696.93695
Kepler-381 c,13.391635,19.01218888918559,43.83108055538602,12301.2,2454966.05506
Kepler-354 d,24.209842,19.05010000000398,41.33563888894187,15742.771200000001,2454974.4763
Kepler-332 c,15.995622,19.11086111068726,47.41369999991523,12164.4288,2454977.23834
Kepler-46 b,33.60134,19.28458305557569,42.60416666666667,14538.0096,2455053.2943
WASP-100 b,2.849375,4.59731111102634,-64.02702777756585,13824,
Kepler-367 b,37.815724,19.8194888888465,49.98163055525886,16671.5712,2454974.09798
TrES-2 b,2.47063,19.12056527773539,49.31638888888889,6564.62016,2453957.6358
Kepler-235 d,20.060548,19.07193888876173,39.27831944465637,11923.2,2454980.46149
Kepler-282 c,13.638723,18.97848888927036,44.79768055597941,20062.7712,2454974.77809
Kepler-432 b,52.501129,19.55214694446988,48.28583333333333,,
Kepler-324 c,51.805612,19.09809999995761,49.64901944478353,23720.4288,2455016.00049
Kepler-394 c,12.130686,19.75346111112171,50.6723194445504,13748.4,2454972.89729
Kepler-385 c,15.163161,19.62256944444444,50.33653888887829,24494.399999999998,2454977.45741
WASP-7 b,4.954658,20.7361719444063,-39.2252222220103,13590.72,2453985.0149
WASP-41 b,3.052401,12.70791583326128,-30.63986111111111,9331.2,2455343.463
Kepler-304 c,5.315946,19.62945000012716,40.55758888880411,4010.4028799999996,2454965.42892
Kepler-303 b,1.937055,18.87570000012716,43.65704999976688,5525.99712,2454967.71867
WASP-44 b,2.4238039,0.2602138890160455,-11.93813888867696,8087.04,2455434.376
Kepler-260 c,76.050178,19.4617305554284,38.01411944495307,24573.6288,2454994.71209
Kepler-286 c,3.468095,19.37841111077203,48.29428888850742,8298.00288,2454969.00318
CoRoT-12 b,2.828042,6.717711666689979,-1.296416666242811,9267.264,2454398.62707
CoRoT-1 b,1.5089557,6.805325555801391,-3.10211111108462,9039.0816,2454159.4532
Kepler-267 b,3.353728,19.98868888907963,47.15746111128065,5378.4,2454967.86887
Kepler-112 c,28.574263,19.79873055564033,43.20974999957615,17866.8288,2454976.8308
Kepler-173 b,4.263742,19.64311111132304,41.88411111109787,8139.597119999999,2454966.72031
Kepler-446 c,3.036179,18.81668083333307,44.92111111111111,3395.52,2454967.069573
Kepler-301 c,5.419026,18.93219999949137,49.23298888842265,8211.60288,2454964.64467
HD 189733 b,2.21857567,20.01214166641235,22.71146111064487,6563.99808,2454279.436714
Kepler-404 b,11.829851,19.0932388888465,45.34353055530124,20286.0288,2454970.61764
Kepler-285 c,6.186676,19.42606111102634,48.06561111132304,10468.8288,2454969.63351
Kepler-174 c,44.000529,19.16261111153496,43.83208888901605,18637.1712,2455043.75908
Kepler-286 b,1.796302,19.37841111077203,48.29428888850742,7106.400000000001,2454966.33057
Kepler-206 d,23.44281,19.44231111102634,41.83386111110449,19400.428799999998,2454985.01049
Kepler-209 c,41.749882,19.41130000008477,42.6408111111323,20267.9712,2454986.83986
Kepler-134 c,10.105785,18.98260000016954,49.59840000046624,7412.40288,2454968.50716
Kepler-126 b,10.495711,19.28981944455041,44.20851111094157,17334,2455005.78966
Kepler-329 c,18.684737,19.95120000004768,45.22743055555556,14212.800000000001,2454969.14841
Kepler-131 b,16.092,19.23538944443067,40.9422777779897,,2455003.59795
WASP-72 b,2.216726,2.736000000105964,-30.16919444455041,13521.6,2455583.6557
Kepler-135 b,6.00253,19.36633888880412,38.7954805554284,14227.2288,2455004.71611
Kepler-441 b,207.2482,18.97112499978807,49.01255555576748,21779.9712,2455667.7764
Kepler-149 b,29.198943,19.05691111087799,38.38411944442325,18266.428799999998,2455018.44022
Kepler-289 c,125.866438,19.83101944393582,42.88283888922798,32403.6288,2455069.6563
Kepler-46 c,57.011,19.28458305557569,42.60416666666667,,
Kepler-174 d,247.35373,19.16261111153496,43.83208888901605,31582.8288,2455197.15875
Kepler-253 d,18.119869,19.45613055547078,44.85808888912201,15444,2455015.6162
Kepler-9 d,1.592851,19.03826555569967,38.40086111108462,7091.99712,2455015.0943
Kepler-49 b,7.2037945,19.48630583339267,40.59177777767182,10715.76,2455003.28753
WASP-73 b,4.08722,21.32997499995761,-58.14888888888889,20131.2,2456128.7063
WASP-67 b,4.61442,19.71625333362156,-19.94955555597941,6825.6,2455824.3742
Kepler-32 b,5.90124,19.85616027779049,46.57424999978807,7603.2,2454974.902
Kepler-83 c,20.09,18.81549999978807,43.66563888867696,,
CoRoT-26 b,4.20474,18.65003416666761,6.969777777724796,19692.0288,2454573.6299
HAT-P-12 b,3.2130598,13.95929999987284,43.4935277779897,8415.36,2454419.19556
Kepler-178 c,20.552802,19.14006944444444,46.89648055606418,7938,2454978.02634
Kepler-82 d,2.382961,19.52488888899485,42.96613888846504,7293.6028799999995,2454968.08186
Kepler-130 d,87.517905,19.23003888871935,40.24533055517409,6566.4,2455034.15805
Kepler-106 e,43.8445,20.05758333312141,44.33750000000001,,2454984.9336
Kepler-355 b,11.03189,19.05330000003179,42.81178055551317,17766,2455195.3382
Kepler-220 c,9.034199,19.43373888889948,46.8957388888465,5349.6028799999995,2455004.01425
Kepler-243 b,5.715442,19.00736944463518,42.03396111110846,8942.4,2455007.87832
Kepler-297 b,38.871826,18.88061111132304,48.77763888888889,22049.9712,2455004.28713
Kepler-220 b,4.159807,19.43373888889948,46.8957388888465,5853.6,2454966.78646
Kepler-245 c,17.460812,19.44260000016954,42.43631944444444,8078.4,2454970.26441
Kepler-25 c,12.7204,19.10922777811686,39.48786111089918,,2455011.5273
HATS-2 b,1.354133,11.78260277748108,-22.56299999978807,7447.68,2455954.58576
WASP-29 b,3.922727,23.85863472196791,-39.90672222243415,9573.119999999999,2455320.2341
OGLE-TR-182 b,3.9791,11.15519722196791,-61.09525000042386,,2454270.572
Kepler-222 d,28.081912,19.19373888863458,46.93776944451862,16347.571199999998,2455027.91404
Kepler-394 b,8.005013,19.75346111112171,50.6723194445504,12308.3712,2454971.71069
Kepler-218 b,3.619337,19.69418888939752,46.26646944469876,10850.3712,2454968.43801
Kepler-54 c,12.0717249,19.65159583330154,43.05627777788374,17905.7088,2454976.44842
Kepler-33 b,5.66793,19.27183666653103,46.00519444465638,17104.608,2454964.8981
Kepler-391 b,7.416755,19.37478888882531,51.05730000019073,24595.2288,2454970.95889
Kepler-55 e,4.617534,19.0112194442749,44.02646111064487,7675.197120000001,2454968.04254
Kepler-34 b,288.822,19.76238805558947,44.64155555566152,,
Kepler-383 b,12.904532,19.42283888869816,38.36313055568272,11959.2288,2454977.31985
Kepler-444 f,9.740486,19.31679722222189,41.63613888899485,7214.40864,
Kepler-336 b,2.024823,19.34918055534363,41.33138055589464,9943.1712,2454965.35611
WASP-1 b,2.5199449,0.3444658332400852,31.9899166668786,13961.2032,2454461.86099
XO-5 b,4.1877537,7.781099722120497,39.09455555597941,10554.7968,2454485.66842
HAT-P-3 b,2.899703,13.73960555553436,48.02866666687859,7413.12,2454218.7594
Kepler-252 c,10.848463,19.7052888891432,44.54596111085679,10713.6,2455004.80432
Kepler-247 b,3.33616,19.24283055517409,43.03928888903724,7477.20288,2454968.3129
Kepler-251 e,99.640161,19.77108055565092,44.10586111121707,15696.0288,2455031.69312
Kepler-282 b,9.220524,18.97848888927036,44.79768055597941,17449.1712,2454971.05444
Kepler-354 c,16.934402,19.05010000000398,41.33563888894187,12441.599999999999,2454970.26772
Kepler-102 b,5.28696,18.76549999978807,47.20777777777778,,2454968.8492